Maxes:
2D 0.16660258684402598 partition_66
Unpaired 0.16044289222995733 partition_33
Paired 0.11693038317931723 partition_32
Mins:
2D: 0.00667999406543606 partition_70
Unpaired: 0.001487447223530003 partition_55
Paired: 0.0008912773934786344 partition_90
Results:
dir	2D	Unpaired	Paired

partition_00 0.044776979498953005 0.018472506687572388 0.04078902290723879
partition_01 0.030442240973132893 0.01885012613403725 0.023904032718292056
partition_02 0.058399069333280554 0.03707611165787428 0.04511998718224716
partition_03 0.06867194664457557 0.02037578395147066 0.06557944559325296
partition_04 0.10858600421037877 0.007510444258984061 0.10832595966530409
partition_05 0.040195737536711545 0.011312383922297164 0.03857106799292384
partition_06 0.02006342594568205 0.014304669922166502 0.014068314721235542
partition_07 0.051429014252120535 0.033157174434433445 0.039313423794797756
partition_08 0.04458431171066631 0.0046394831753223675 0.0443422602782014
partition_09 0.0258372086247989 0.011275221303188476 0.023247166151716375
partition_10 0.037804757027352726 0.008952804442397655 0.036729374436727885
partition_11 0.019195288347250216 0.015758229707363403 0.010960715817137562
partition_12 0.023529797514122028 0.02276459772359085 0.005951845221329716
partition_13 0.14811159277027677 0.11959002180588962 0.08738003546242785
partition_14 0.07473937244765377 0.02205909391645311 0.07140987445342703
partition_15 0.0636373534061802 0.03183007391934667 0.055104982921982654
partition_16 0.016096995249338768 0.01578634209740004 0.0031471668594293123
partition_17 0.10323029628568893 0.09994647849345872 0.0258301279127246
partition_18 0.02605134192013604 0.01440327933774177 0.02170755537039623
partition_19 0.014569782956006546 0.005065487539408053 0.01366087154515555
partition_20 0.026561481463119603 0.022814600362788706 0.01360170238616798
partition_21 0.03470411103132095 0.012129259916573876 0.032515479026925725
partition_22 0.16072091499791433 0.1214519588404468 0.10526459144263667
partition_23 0.04372722556838037 0.0292960190250664 0.03246249413078062
partition_24 0.08427572298334708 0.04899894726305931 0.06856748975628163
partition_25 0.06624323144722784 0.030684136683302166 0.0587081720765638
partition_26 0.016689201728374178 0.013184544450757008 0.010232167021524824
partition_27 0.10691520516508572 0.09263879459080793 0.0533752267653681
partition_28 0.05121290760365572 0.0026627215506959123 0.05114363908800426
partition_29 0.036261073081465534 0.019468751173539967 0.03059139010836498
partition_30 0.047270877186938204 0.04517355518000121 0.013924286065072788
partition_31 0.11760781386745726 0.04818134195387824 0.10728539588502214
partition_32 0.14694906312904668 0.08900175640987429 0.11693038317931723
partition_33 0.16516773067003443 0.16044289222995733 0.039223176663489775
partition_34 0.07481401209866638 0.03643177332875047 0.06534418335568931
partition_35 0.054216011319194304 0.021726193337524458 0.04967241091816979
partition_36 0.05937238562086986 0.04677589301328511 0.036566323401772016
partition_37 0.0676442293670571 0.009982122385636005 0.06690365460377493
partition_38 0.08100448891299883 0.08063199049753678 0.007759467279477877
partition_39 0.12590552468305963 0.10086605803313475 0.07535409400007961
partition_40 0.0747621798077181 0.031144712908312555 0.06796609733874942
partition_41 0.08800210018860391 0.08617351432403941 0.017846430081381925
partition_42 0.05858341839183479 0.039344612904971044 0.04340528016072184
partition_43 0.04629357188141508 0.03555278877565404 0.02964951952078604
partition_44 0.09966250101296108 0.09964170264271555 0.0020359770674349686
partition_45 0.02398588463405223 0.02396349898521355 0.001036039605291278
partition_46 0.054154307036560656 0.0436315152914174 0.03207771569150292
partition_47 0.04174000815837866 0.013256491853036012 0.03957895532744525
partition_48 0.03413878771989244 0.0157698711796741 0.030278176793861994
partition_49 0.06383833518538293 0.06344083171916293 0.007112939618902414
partition_50 0.019716747755533587 0.0032585588285514167 0.01944561483770077
partition_51 0.04047935861775475 0.012815315449759224 0.03839721557649667
partition_52 0.061787619351756924 0.056945401409228213 0.0239777222333456
partition_53 0.057723609161434625 0.05757345530382396 0.004160805090441533
partition_54 0.05720669735926617 0.04352556361859328 0.0371231940225846
partition_55 0.03687188148730009 0.001487447223530003 0.03684186674383799
partition_56 0.044691642709599466 0.03938066134150198 0.02113069900378184
partition_57 0.08781517181576431 0.0876485132660535 0.005407635646255349
partition_58 0.08432212188978407 0.024019686550107888 0.08082867621104634
partition_59 0.010593556597806489 0.008509275014852435 0.006309966728322541
partition_60 0.09096182197789923 0.08676563555567984 0.027308927920333653
partition_61 0.07931201947900768 0.009938624801473228 0.07868684877979315
partition_62 0.03326889139512136 0.012605006950466846 0.03078851952333958
partition_63 0.06774623705175274 0.04655120316549688 0.049219286042332125
partition_64 0.05701033866740166 0.024674150773667525 0.05139421172243189
partition_65 0.03327965584837333 0.013591593515471123 0.030377690483253866
partition_66 0.16660258684402598 0.13762657732370587 0.09389008018573225
partition_67 0.029409747465686104 0.007492939138824983 0.02843921779967401
partition_68 0.023424396446957027 0.0226477582432556 0.005981755215591911
partition_69 0.1068779087532635 0.0637408845333105 0.08579036669919354
partition_70 0.00667999406543606 0.006614825138519187 0.0009308109910586559
partition_71 0.09018216877447068 0.08823189685489541 0.01865357719726196
partition_72 0.09686260014736296 0.08304523149794307 0.049858327616968484
partition_73 0.06839186070583407 0.01854804464681814 0.0658286916973583
partition_74 0.07900755531643285 0.07636069267724399 0.020279014052233674
partition_75 0.09227203351701498 0.04462266688591565 0.08076475573759721
partition_76 0.1593729964718137 0.15651982227567351 0.030021612868004158
partition_77 0.06487937270230365 0.0459900479888834 0.04576295978435646
partition_78 0.03809726238023557 0.038083193990807396 0.001035246988425359
partition_79 0.038360074191251405 0.03809857112728232 0.004471484095657924
partition_80 0.025984229930123025 0.01843655639160291 0.01831047769668359
partition_81 0.08243522799652413 0.053119622028200086 0.06303865933234998
partition_82 0.027936183140888034 0.016317026194664908 0.022675647391945747
partition_83 0.014247170329051853 0.011051718719446213 0.00899118322198239
partition_84 0.03251495845007189 0.03137472938461705 0.008535155479072937
partition_85 0.025702260142685795 0.007559164332402668 0.024565528918344626
partition_86 0.07322630258741596 0.0727458312500584 0.008374689627790782
partition_87 0.03825234858389661 0.018009902791409016 0.03374737876677142
partition_88 0.01726532178173378 0.004367925087187752 0.016703669257367576
partition_89 0.03662761324191239 0.0365094037803495 0.002940320969302024
partition_90 0.03591843334914109 0.03590737360020313 0.0008912773934786344
partition_91 0.020711311013755715 0.009728061969831447 0.018284507491853258
partition_92 0.04168927443259502 0.020915406831215955 0.036063019282929515
partition_93 0.06851260556261136 0.06795065689222446 0.008757017123036503
partition_94 0.11286351744836967 0.015808893503940102 0.11175084991622894
partition_95 0.042780008465473536 0.02180287117068358 0.036807117966781405
partition_96 0.02754065452887841 0.021836808822831788 0.016782176030364082
partition_97 0.04663101999256832 0.04635243171070169 0.005089607062636836
partition_98 0.02988817624766785 0.01970999977635146 0.022468177234210213
partition_99 0.15022846604921633 0.11832401947680438 0.09256359125678605
