Average Loops per sequence: 14.58
Max: 35 23
Min: 79 7
0 14
1 17
2 16
3 11
4 17
5 15
6 18
7 16
8 14
9 13
10 10
11 18
12 14
13 15
14 16
15 14
16 13
17 12
18 13
19 15
20 15
21 18
22 11
23 12
24 14
25 17
26 14
27 13
28 14
29 13
30 17
31 19
32 18
33 16
34 9
35 23
36 17
37 12
38 15
39 9
40 21
41 17
42 9
43 17
44 15
45 16
46 10
47 21
48 13
49 12
50 16
51 19
52 14
53 13
54 11
55 10
56 16
57 16
58 15
59 17
60 17
61 11
62 15
63 19
64 15
65 13
66 18
67 15
68 15
69 14
70 15
71 10
72 14
73 12
74 16
75 17
76 16
77 11
78 10
79 7
80 18
81 11
82 15
83 17
84 14
85 18
86 11
87 13
88 15
89 20
90 12
91 13
92 17
93 12
94 17
95 15
96 16
97 13
98 13
99 13
