0.058399069333280554
	2
0.06867194664457557
	3
0.10858600421037877
	4
0.14811159277027677
	13
0.07473937244765377
	14
0.0636373534061802
	15
0.10323029628568893
	17
0.16072091499791433
	22
0.08427572298334708
	24
0.06624323144722784
	25
0.10691520516508572
	27
0.11760781386745726
	31
0.14694906312904668
	32
0.16516773067003443
	33
0.07481401209866638
	34
0.054216011319194304
	35
0.05937238562086986
	36
0.0676442293670571
	37
0.08100448891299883
	38
0.12590552468305963
	39
0.0747621798077181
	40
0.08800210018860391
	41
0.05858341839183479
	42
0.09966250101296108
	44
0.054154307036560656
	46
0.06383833518538293
	49
0.061787619351756924
	52
0.057723609161434625
	53
0.05720669735926617
	54
0.08781517181576431
	57
0.08432212188978407
	58
0.09096182197789923
	60
0.07931201947900768
	61
0.06774623705175274
	63
0.05701033866740166
	64
0.16660258684402598
	66
0.1068779087532635
	69
0.09018216877447068
	71
0.09686260014736296
	72
0.06839186070583407
	73
0.07900755531643285
	74
0.09227203351701498
	75
0.1593729964718137
	76
0.06487937270230365
	77
0.08243522799652413
	81
0.07322630258741596
	86
0.06851260556261136
	93
0.11286351744836967
	94
0.15022846604921633
	99
