0.044776979498953005
0.030442240973132893
0.058399069333280554
0.06867194664457557
0.10858600421037877
0.040195737536711545
0.02006342594568205
0.051429014252120535
0.04458431171066631
0.0258372086247989
0.037804757027352726
0.019195288347250216
0.023529797514122028
0.14811159277027677
0.07473937244765377
0.0636373534061802
0.016096995249338768
0.10323029628568893
0.02605134192013604
0.014569782956006546
0.026561481463119603
0.03470411103132095
0.16072091499791433
0.04372722556838037
0.08427572298334708
0.06624323144722784
0.016689201728374178
0.10691520516508572
0.05121290760365572
0.036261073081465534
0.047270877186938204
0.11760781386745726
0.14694906312904668
0.16516773067003443
0.07481401209866638
0.054216011319194304
0.05937238562086986
0.0676442293670571
0.08100448891299883
0.12590552468305963
0.0747621798077181
0.08800210018860391
0.05858341839183479
0.04629357188141508
0.09966250101296108
0.02398588463405223
0.054154307036560656
0.04174000815837866
0.03413878771989244
0.06383833518538293
0.019716747755533587
0.04047935861775475
0.061787619351756924
0.057723609161434625
0.05720669735926617
0.03687188148730009
0.044691642709599466
0.08781517181576431
0.08432212188978407
0.010593556597806489
0.09096182197789923
0.07931201947900768
0.03326889139512136
0.06774623705175274
0.05701033866740166
0.03327965584837333
0.16660258684402598
0.029409747465686104
0.023424396446957027
0.1068779087532635
0.00667999406543606
0.09018216877447068
0.09686260014736296
0.06839186070583407
0.07900755531643285
0.09227203351701498
0.1593729964718137
0.06487937270230365
0.03809726238023557
0.038360074191251405
0.025984229930123025
0.08243522799652413
0.027936183140888034
0.014247170329051853
0.03251495845007189
0.025702260142685795
0.07322630258741596
0.03825234858389661
0.01726532178173378
0.03662761324191239
0.03591843334914109
0.020711311013755715
0.04168927443259502
0.06851260556261136
0.11286351744836967
0.042780008465473536
0.02754065452887841
0.04663101999256832
0.02988817624766785
0.15022846604921633
