(array([0.00000000e+00, 0.00000000e+00, 2.97489781e-06, 8.92469344e-06,
       1.18995912e-05, 1.38828565e-05, 1.48744891e-05, 1.48744891e-05,
       1.58661217e-05, 1.98326521e-05, 1.98326521e-05, 1.98326521e-05,
       1.98326521e-05, 2.08242847e-05, 2.08242847e-05, 2.18159173e-05,
       2.37991825e-05, 2.77657129e-05, 2.77657129e-05, 2.77657129e-05,
       2.87573455e-05, 2.87573455e-05, 2.97489781e-05, 2.97489781e-05,
       3.17322433e-05, 3.17322433e-05, 3.17322433e-05, 3.37155085e-05,
       3.37155085e-05, 3.37155085e-05, 3.37155085e-05, 3.37155085e-05,
       3.37155085e-05, 3.37155085e-05, 3.37155085e-05, 3.47071411e-05,
       3.47071411e-05, 3.56987737e-05, 3.56987737e-05, 3.96653042e-05,
       4.06569368e-05, 4.16485694e-05, 4.16485694e-05, 4.26402020e-05,
       4.46234672e-05, 4.56150998e-05, 4.56150998e-05, 4.56150998e-05,
       4.85899976e-05, 4.85899976e-05, 4.85899976e-05, 4.85899976e-05,
       5.05732628e-05, 5.05732628e-05, 5.55314258e-05, 5.55314258e-05,
       5.85063236e-05, 5.85063236e-05, 5.94979562e-05, 5.94979562e-05,
       5.94979562e-05, 5.94979562e-05, 5.94979562e-05, 6.24728541e-05,
       6.54477519e-05, 6.64393845e-05, 6.64393845e-05, 6.74310171e-05,
       6.84226497e-05, 6.84226497e-05, 6.94142823e-05, 6.94142823e-05,
       7.04059149e-05, 7.04059149e-05, 7.23891801e-05, 7.33808127e-05,
       7.43724453e-05, 7.43724453e-05, 7.53640779e-05, 7.53640779e-05,
       7.53640779e-05, 7.53640779e-05, 7.53640779e-05, 7.63557105e-05,
       7.93306083e-05, 8.42887713e-05, 8.42887713e-05, 8.42887713e-05,
       8.42887713e-05, 8.42887713e-05, 8.52804040e-05, 8.52804040e-05,
       9.22218322e-05, 9.32134648e-05, 9.71799952e-05, 9.81716278e-05,
       9.81716278e-05, 9.81716278e-05, 9.81716278e-05, 9.81716278e-05,
       1.00154893e-04, 1.01146526e-04, 1.01146526e-04, 1.01146526e-04,
       1.01146526e-04, 1.01146526e-04, 1.04121423e-04, 1.06104689e-04,
       1.08087954e-04, 1.08087954e-04, 1.09079586e-04, 1.09079586e-04,
       1.10071219e-04, 1.10071219e-04, 1.10071219e-04, 1.13046117e-04,
       1.15029382e-04, 1.17012647e-04, 1.17012647e-04, 1.18004280e-04,
       1.18004280e-04, 1.18995912e-04, 1.21970810e-04, 1.21970810e-04,
       1.22962443e-04, 1.22962443e-04, 1.23954076e-04, 1.23954076e-04,
       1.24945708e-04, 1.29903871e-04, 1.30895504e-04, 1.30895504e-04,
       1.34862034e-04, 1.34862034e-04, 1.37836932e-04, 1.37836932e-04,
       1.37836932e-04, 1.37836932e-04, 1.37836932e-04, 1.38828565e-04,
       1.38828565e-04, 1.39820197e-04, 1.40811830e-04, 1.40811830e-04,
       1.43786728e-04, 1.49736523e-04, 1.50728156e-04, 1.50728156e-04,
       1.54694686e-04, 1.54694686e-04, 1.57669584e-04, 1.62627747e-04,
       1.64611012e-04, 1.65602645e-04, 1.71552441e-04, 1.73535706e-04,
       1.77502236e-04, 1.77502236e-04, 1.80477134e-04, 1.81468767e-04,
       1.81468767e-04, 1.82460399e-04, 1.82460399e-04, 1.89401827e-04,
       1.89401827e-04, 1.91385093e-04, 1.91385093e-04, 1.94359990e-04,
       1.96343256e-04, 1.96343256e-04, 1.96343256e-04, 1.96343256e-04,
       1.98326521e-04, 1.99318153e-04, 2.01301419e-04, 2.06259582e-04,
       2.08242847e-04, 2.13201010e-04, 2.13201010e-04, 2.14192642e-04,
       2.16175908e-04, 2.17167540e-04, 2.19150806e-04, 2.24108969e-04,
       2.31050397e-04, 2.32042029e-04, 2.33033662e-04, 2.34025295e-04,
       2.34025295e-04, 2.36008560e-04, 2.39975090e-04, 2.41958355e-04,
       2.42949988e-04, 2.44933253e-04, 2.50883049e-04, 2.51874681e-04,
       2.53857947e-04, 2.54849579e-04, 2.55841212e-04, 2.55841212e-04,
       2.56832844e-04, 2.56832844e-04, 2.59807742e-04, 2.61791007e-04,
       2.61791007e-04, 2.63774273e-04, 2.66749170e-04, 2.66749170e-04,
       2.67740803e-04, 2.69724068e-04, 2.72698966e-04, 2.74682231e-04,
       2.78648762e-04, 2.81623660e-04, 2.82615292e-04, 2.90548353e-04,
       2.91539986e-04, 2.95506516e-04, 2.99473046e-04, 3.01456312e-04,
       3.09389372e-04, 3.10381005e-04, 3.22280596e-04, 3.29222025e-04,
       3.34180188e-04, 3.43104881e-04, 3.47071411e-04, 3.54012840e-04,
       3.67895696e-04, 3.79795287e-04, 4.00619572e-04, 4.50201202e-04,
       5.51347728e-04, 1.00000000e+00]), array([0.        , 0.0826087 , 0.12391304, 0.17391304, 0.20652174,
       0.23043478, 0.2673913 , 0.28043478, 0.29130435, 0.30869565,
       0.31956522, 0.32608696, 0.33478261, 0.33478261, 0.33695652,
       0.34347826, 0.35652174, 0.36521739, 0.3673913 , 0.37608696,
       0.37608696, 0.38043478, 0.38478261, 0.38913043, 0.39130435,
       0.39565217, 0.4       , 0.40217391, 0.40434783, 0.41086957,
       0.41521739, 0.42173913, 0.42391304, 0.43043478, 0.43478261,
       0.43913043, 0.44347826, 0.44347826, 0.44565217, 0.45217391,
       0.45217391, 0.45652174, 0.45869565, 0.45869565, 0.45869565,
       0.45869565, 0.46304348, 0.46521739, 0.46521739, 0.47173913,
       0.4826087 , 0.48478261, 0.48478261, 0.49347826, 0.49565217,
       0.49782609, 0.5       , 0.50217391, 0.50217391, 0.50869565,
       0.51086957, 0.52826087, 0.5326087 , 0.53478261, 0.53478261,
       0.55869565, 0.56086957, 0.56086957, 0.56304348, 0.56521739,
       0.56521739, 0.5673913 , 0.56956522, 0.57391304, 0.57391304,
       0.57608696, 0.57608696, 0.5826087 , 0.5826087 , 0.58695652,
       0.59347826, 0.59782609, 0.60217391, 0.60217391, 0.60217391,
       0.60217391, 0.61956522, 0.62173913, 0.64347826, 0.64565217,
       0.64565217, 0.64782609, 0.64782609, 0.65652174, 0.65652174,
       0.65652174, 0.65869565, 0.66521739, 0.6673913 , 0.67173913,
       0.67173913, 0.67173913, 0.67391304, 0.68043478, 0.68913043,
       0.69347826, 0.69347826, 0.69347826, 0.69347826, 0.69782609,
       0.69782609, 0.70217391, 0.70434783, 0.70869565, 0.71086957,
       0.71086957, 0.71086957, 0.71086957, 0.71304348, 0.71304348,
       0.71521739, 0.71521739, 0.71521739, 0.71956522, 0.71956522,
       0.72826087, 0.72826087, 0.73043478, 0.73043478, 0.73043478,
       0.73043478, 0.7326087 , 0.7326087 , 0.73478261, 0.73478261,
       0.73695652, 0.74130435, 0.74347826, 0.75217391, 0.75434783,
       0.75652174, 0.75869565, 0.75869565, 0.76086957, 0.76086957,
       0.76086957, 0.76086957, 0.76521739, 0.76956522, 0.77391304,
       0.77391304, 0.77391304, 0.77391304, 0.77391304, 0.77391304,
       0.77391304, 0.77391304, 0.77826087, 0.77826087, 0.77826087,
       0.78043478, 0.78043478, 0.78695652, 0.78695652, 0.78913043,
       0.78913043, 0.79130435, 0.79130435, 0.79130435, 0.8       ,
       0.80217391, 0.80652174, 0.80652174, 0.80652174, 0.80652174,
       0.80869565, 0.80869565, 0.81086957, 0.81304348, 0.81304348,
       0.81304348, 0.81304348, 0.81304348, 0.81521739, 0.81521739,
       0.81521739, 0.8173913 , 0.8173913 , 0.8326087 , 0.8326087 ,
       0.8326087 , 0.8326087 , 0.8326087 , 0.8326087 , 0.8326087 ,
       0.8326087 , 0.8326087 , 0.8326087 , 0.83478261, 0.83695652,
       0.83695652, 0.83913043, 0.83913043, 0.83913043, 0.84347826,
       0.84347826, 0.84347826, 0.84565217, 0.84565217, 0.84565217,
       0.84782609, 0.84782609, 0.84782609, 0.84782609, 0.84782609,
       0.84782609, 0.84782609, 0.84782609, 0.85217391, 0.85652174,
       0.85652174, 0.85652174, 0.85652174, 0.85652174, 0.85652174,
       0.85652174, 0.86521739, 0.86521739, 0.86521739, 0.87391304,
       0.87826087, 0.88043478, 0.88695652, 1.        ]), 0.943382103764953, array([1.        , 0.88695652, 0.88043478, 0.87826087, 0.87391304,
       0.86521739, 0.86521739, 0.86521739, 0.85652174, 0.85652174,
       0.85652174, 0.85652174, 0.85652174, 0.85652174, 0.85652174,
       0.85652174, 0.85652174, 0.85217391, 0.84782609, 0.84782609,
       0.84782609, 0.84782609, 0.84782609, 0.84782609, 0.84782609,
       0.84782609, 0.84782609, 0.84565217, 0.84565217, 0.84565217,
       0.84347826, 0.84347826, 0.84347826, 0.84347826, 0.84347826,
       0.83913043, 0.83913043, 0.83913043, 0.83913043, 0.83913043,
       0.83695652, 0.83695652, 0.83478261, 0.8326087 , 0.8326087 ,
       0.8326087 , 0.8326087 , 0.8326087 , 0.8326087 , 0.8326087 ,
       0.8326087 , 0.8326087 , 0.8326087 , 0.8326087 , 0.8326087 ,
       0.8326087 , 0.8173913 , 0.8173913 , 0.81521739, 0.81521739,
       0.81521739, 0.81304348, 0.81304348, 0.81304348, 0.81304348,
       0.81304348, 0.81086957, 0.80869565, 0.80869565, 0.80652174,
       0.80652174, 0.80652174, 0.80652174, 0.80217391, 0.8       ,
       0.79130435, 0.79130435, 0.79130435, 0.79130435, 0.78913043,
       0.78913043, 0.78913043, 0.78695652, 0.78695652, 0.78695652,
       0.78695652, 0.78695652, 0.78695652, 0.78695652, 0.78695652,
       0.78043478, 0.78043478, 0.77826087, 0.77826087, 0.77826087,
       0.77608696, 0.77391304, 0.77391304, 0.77391304, 0.77391304,
       0.77391304, 0.77391304, 0.77391304, 0.77391304, 0.77391304,
       0.77391304, 0.77391304, 0.77391304, 0.77391304, 0.77173913,
       0.76956522, 0.76521739, 0.76086957, 0.76086957, 0.76086957,
       0.76086957, 0.76086957, 0.76086957, 0.76086957, 0.76086957,
       0.75869565, 0.75869565, 0.75652174, 0.75434783, 0.75217391,
       0.74347826, 0.74130435, 0.73695652, 0.73478261, 0.73478261,
       0.73478261, 0.73478261, 0.7326087 , 0.7326087 , 0.7326087 ,
       0.7326087 , 0.7326087 , 0.73043478, 0.73043478, 0.73043478,
       0.73043478, 0.72826087, 0.72826087, 0.71956522, 0.71956522,
       0.71521739, 0.71521739, 0.71521739, 0.71304348, 0.71304348,
       0.71086957, 0.71086957, 0.71086957, 0.71086957, 0.71086957,
       0.70869565, 0.70434783, 0.70217391, 0.69782609, 0.69782609,
       0.69347826, 0.69347826, 0.69347826, 0.69347826, 0.69347826,
       0.69130435, 0.68913043, 0.68043478, 0.67391304, 0.67173913,
       0.67173913, 0.67173913, 0.6673913 , 0.66521739, 0.65869565,
       0.65652174, 0.65652174, 0.65652174, 0.64782609, 0.64782609,
       0.64565217, 0.64565217, 0.64347826, 0.62173913, 0.61956522,
       0.61086957, 0.60217391, 0.60217391, 0.60217391, 0.60217391,
       0.60217391, 0.60217391, 0.60217391, 0.60217391, 0.6       ,
       0.59782609, 0.59347826, 0.58695652, 0.58478261, 0.5826087 ,
       0.5826087 , 0.58043478, 0.57826087, 0.57608696, 0.57608696,
       0.57391304, 0.57391304, 0.57173913, 0.56956522, 0.5673913 ,
       0.56521739, 0.56521739, 0.56304348, 0.56086957, 0.56086957,
       0.55869565, 0.53478261, 0.53478261, 0.53478261, 0.53478261,
       0.5326087 , 0.53043478, 0.52826087, 0.51086957, 0.50869565,
       0.50217391, 0.50217391, 0.5       , 0.49782609, 0.49565217,
       0.49347826, 0.48478261, 0.48478261, 0.4826087 , 0.47173913,
       0.46956522, 0.4673913 , 0.46521739, 0.46521739, 0.46304348,
       0.45869565, 0.45869565, 0.45869565, 0.45869565, 0.45652174,
       0.45217391, 0.45217391, 0.44565217, 0.44347826, 0.44347826,
       0.43913043, 0.43478261, 0.4326087 , 0.43043478, 0.42391304,
       0.42173913, 0.41521739, 0.41304348, 0.41086957, 0.40434783,
       0.40217391, 0.4       , 0.39782609, 0.39565217, 0.39130435,
       0.38913043, 0.38695652, 0.38478261, 0.38043478, 0.37608696,
       0.37608696, 0.37173913, 0.3673913 , 0.36521739, 0.35652174,
       0.34347826, 0.33695652, 0.33478261, 0.33478261, 0.33043478,
       0.32608696, 0.31956522, 0.30869565, 0.29130435, 0.28043478,
       0.2673913 , 0.23043478, 0.20652174, 0.17391304, 0.12391304,
       0.0826087 , 0.        ]), array([4.55943019e-04, 4.23236515e-01, 4.71478463e-01, 5.00000000e-01,
       5.12101911e-01, 5.17555267e-01, 5.27152318e-01, 5.32085561e-01,
       5.32432432e-01, 5.38987688e-01, 5.42699725e-01, 5.47983310e-01,
       5.52594670e-01, 5.57284300e-01, 5.58073654e-01, 5.61253561e-01,
       5.64469914e-01, 5.64841499e-01, 5.66860465e-01, 5.70175439e-01,
       5.71010249e-01, 5.74374080e-01, 5.77777778e-01, 5.78635015e-01,
       5.81222057e-01, 5.84707646e-01, 5.86466165e-01, 5.88502269e-01,
       5.90288316e-01, 5.91185410e-01, 5.90563166e-01, 5.91463415e-01,
       5.92366412e-01, 5.93272171e-01, 5.95092025e-01, 5.93846154e-01,
       5.95679012e-01, 5.96599691e-01, 5.97523220e-01, 5.98449612e-01,
       5.97826087e-01, 5.98755832e-01, 5.98130841e-01, 5.98437500e-01,
       5.99374022e-01, 6.01255887e-01, 6.02201258e-01, 6.07936508e-01,
       6.09872611e-01, 6.10845295e-01, 6.12800000e-01, 6.13782051e-01,
       6.14767255e-01, 6.15755627e-01, 6.16747182e-01, 6.18739903e-01,
       6.14379085e-01, 6.15384615e-01, 6.15763547e-01, 6.16776316e-01,
       6.23960067e-01, 6.28571429e-01, 6.30691400e-01, 6.31756757e-01,
       6.33898305e-01, 6.34974533e-01, 6.34353741e-01, 6.39175258e-01,
       6.41379310e-01, 6.46341463e-01, 6.48601399e-01, 6.49737303e-01,
       6.52021090e-01, 6.50793651e-01, 6.50176678e-01, 6.47686833e-01,
       6.48841355e-01, 6.50000000e-01, 6.53500898e-01, 6.52877698e-01,
       6.54054054e-01, 6.55234657e-01, 6.54611212e-01, 6.55797101e-01,
       6.56987296e-01, 6.58181818e-01, 6.59380692e-01, 6.60583942e-01,
       6.61791590e-01, 6.63003663e-01, 6.61141805e-01, 6.62361624e-01,
       6.61737523e-01, 6.62962963e-01, 6.66666667e-01, 6.66044776e-01,
       6.65420561e-01, 6.70433145e-01, 6.71698113e-01, 6.72967864e-01,
       6.80688337e-01, 6.81992337e-01, 6.84615385e-01, 6.85934489e-01,
       6.87258687e-01, 6.88588008e-01, 6.89922481e-01, 6.91262136e-01,
       6.95312500e-01, 6.94716243e-01, 6.94117647e-01, 6.98412698e-01,
       6.97211155e-01, 6.98602794e-01, 7.01402806e-01, 7.04225352e-01,
       7.07070707e-01, 7.08502024e-01, 7.09939148e-01, 7.11382114e-01,
       7.10794297e-01, 7.12244898e-01, 7.13114754e-01, 7.12525667e-01,
       7.13402062e-01, 7.11018711e-01, 7.10416667e-01, 7.09205021e-01,
       7.08595388e-01, 7.10084034e-01, 7.11578947e-01, 7.13080169e-01,
       7.12473573e-01, 7.13983051e-01, 7.15498938e-01, 7.17021277e-01,
       7.18550107e-01, 7.17948718e-01, 7.19486081e-01, 7.27272727e-01,
       7.28850325e-01, 7.28260870e-01, 7.29847495e-01, 7.27472527e-01,
       7.29074890e-01, 7.27876106e-01, 7.32739421e-01, 7.34375000e-01,
       7.33780761e-01, 7.35426009e-01, 7.34831461e-01, 7.38148984e-01,
       7.39819005e-01, 7.41496599e-01, 7.46575342e-01, 7.45995423e-01,
       7.44827586e-01, 7.45958430e-01, 7.44779582e-01, 7.46511628e-01,
       7.45327103e-01, 7.47072600e-01, 7.48826291e-01, 7.52358491e-01,
       7.57719715e-01, 7.57142857e-01, 7.56563246e-01, 7.54216867e-01,
       7.52427184e-01, 7.51824818e-01, 7.53658537e-01, 7.57352941e-01,
       7.56157635e-01, 7.55555556e-01, 7.53731343e-01, 7.53117207e-01,
       7.55000000e-01, 7.62626263e-01, 7.62148338e-01, 7.76041667e-01,
       7.75456919e-01, 7.77486911e-01, 7.76902887e-01, 7.70889488e-01,
       7.70270270e-01, 7.67759563e-01, 7.65193370e-01, 7.67313019e-01,
       7.69444444e-01, 7.71587744e-01, 7.73743017e-01, 7.75910364e-01,
       7.82485876e-01, 7.84702550e-01, 7.84090909e-01, 7.83475783e-01,
       7.82234957e-01, 7.80346821e-01, 7.79710145e-01, 7.79069767e-01,
       7.81341108e-01, 7.80701754e-01, 7.80058651e-01, 7.79411765e-01,
       7.81710914e-01, 7.83382789e-01, 7.88059701e-01, 7.87425150e-01,
       7.86786787e-01, 7.88519637e-01, 7.87878788e-01, 7.90273556e-01,
       7.89634146e-01, 7.91411043e-01, 7.93846154e-01, 7.93209877e-01,
       7.88461538e-01, 7.90996785e-01, 7.93548387e-01, 7.96116505e-01,
       8.03278689e-01, 8.02631579e-01, 8.01980198e-01, 7.96610169e-01,
       7.95918367e-01, 7.93814433e-01, 7.96551724e-01, 7.95847751e-01,
       8.03508772e-01, 8.02816901e-01, 8.16546763e-01, 8.13868613e-01,
       8.19852941e-01, 8.19188192e-01, 8.15789474e-01, 8.15094340e-01,
       8.14393939e-01, 8.13688213e-01, 8.23076923e-01, 8.22393822e-01,
       8.21011673e-01, 8.24218750e-01, 8.30708661e-01, 8.33992095e-01,
       8.33333333e-01, 8.35341365e-01, 8.38709677e-01, 8.50622407e-01,
       8.50000000e-01, 8.53556485e-01, 8.52320675e-01, 8.54700855e-01,
       8.54077253e-01, 8.53448276e-01, 8.51528384e-01, 8.50877193e-01,
       8.48888889e-01, 8.48214286e-01, 8.47533632e-01, 8.45454545e-01,
       8.44748858e-01, 8.51851852e-01, 8.51162791e-01, 8.50467290e-01,
       8.49056604e-01, 8.56459330e-01, 8.55769231e-01, 8.55072464e-01,
       8.57843137e-01, 8.56435644e-01, 8.60696517e-01, 8.59296482e-01,
       8.57868020e-01, 8.57142857e-01, 8.72340426e-01, 8.77777778e-01,
       8.80681818e-01, 8.80000000e-01, 8.85057471e-01, 8.83720930e-01,
       8.82352941e-01, 8.80239521e-01, 8.76543210e-01, 8.93333333e-01,
       8.95833333e-01, 8.91304348e-01, 8.83333333e-01, 8.87850467e-01,
       8.98876404e-01, 9.50000000e-01, 1.00000000e+00, 1.00000000e+00]), 0.7246575614287218, (array([2.00e+00, 1.00e+00, 9.99e-01, 9.98e-01, 9.97e-01, 9.96e-01,
       9.95e-01, 9.94e-01, 9.93e-01, 9.92e-01, 9.91e-01, 9.90e-01,
       9.88e-01, 9.86e-01, 9.85e-01, 9.84e-01, 9.83e-01, 9.82e-01,
       9.81e-01, 9.79e-01, 9.78e-01, 9.77e-01, 9.75e-01, 9.73e-01,
       9.72e-01, 9.70e-01, 9.68e-01, 9.67e-01, 9.66e-01, 9.64e-01,
       9.60e-01, 9.58e-01, 9.56e-01, 9.51e-01, 9.48e-01, 9.44e-01,
       9.40e-01, 9.36e-01, 9.33e-01, 9.32e-01, 9.31e-01, 9.30e-01,
       9.27e-01, 9.22e-01, 9.21e-01, 9.20e-01, 9.17e-01, 9.16e-01,
       9.14e-01, 9.09e-01, 9.07e-01, 9.05e-01, 9.04e-01, 9.01e-01,
       9.00e-01, 8.98e-01, 8.96e-01, 8.95e-01, 8.93e-01, 8.91e-01,
       8.90e-01, 8.88e-01, 8.81e-01, 8.80e-01, 8.69e-01, 8.67e-01,
       8.62e-01, 8.60e-01, 8.56e-01, 8.55e-01, 8.54e-01, 8.52e-01,
       8.50e-01, 8.38e-01, 8.36e-01, 8.33e-01, 8.28e-01, 8.19e-01,
       8.16e-01, 8.11e-01, 8.01e-01, 8.00e-01, 7.96e-01, 7.75e-01,
       7.72e-01, 7.51e-01, 7.49e-01, 7.44e-01, 7.41e-01, 7.39e-01,
       7.33e-01, 7.30e-01, 7.28e-01, 7.23e-01, 7.21e-01, 7.18e-01,
       7.16e-01, 7.12e-01, 7.10e-01, 6.96e-01, 6.93e-01, 6.88e-01,
       6.87e-01, 6.68e-01, 6.66e-01, 6.59e-01, 6.49e-01, 6.48e-01,
       6.46e-01, 6.29e-01, 6.24e-01, 6.21e-01, 6.18e-01, 6.16e-01,
       6.11e-01, 6.02e-01, 5.83e-01, 5.80e-01, 5.68e-01, 5.46e-01,
       5.42e-01, 5.33e-01, 5.30e-01, 5.24e-01, 5.10e-01, 5.06e-01,
       5.05e-01, 5.03e-01, 4.99e-01, 4.94e-01, 4.93e-01, 4.91e-01,
       4.72e-01, 4.48e-01, 4.14e-01, 4.12e-01, 4.06e-01, 4.03e-01,
       3.97e-01, 3.96e-01, 3.95e-01, 3.93e-01, 3.91e-01, 3.89e-01,
       3.72e-01, 3.62e-01, 3.46e-01, 3.30e-01, 3.29e-01, 3.22e-01,
       3.16e-01, 2.72e-01, 2.71e-01, 2.67e-01, 2.59e-01, 2.50e-01,
       2.49e-01, 2.43e-01, 2.28e-01, 2.27e-01, 2.16e-01, 2.09e-01,
       2.07e-01, 1.65e-01, 1.62e-01, 1.44e-01, 1.39e-01, 1.36e-01,
       1.31e-01, 1.27e-01, 1.24e-01, 1.20e-01, 1.18e-01, 1.16e-01,
       1.13e-01, 1.11e-01, 1.10e-01, 1.07e-01, 1.06e-01, 1.05e-01,
       1.01e-01, 9.80e-02, 9.70e-02, 9.40e-02, 9.20e-02, 9.10e-02,
       9.00e-02, 8.90e-02, 8.70e-02, 8.60e-02, 8.00e-02, 6.60e-02,
       6.50e-02, 6.30e-02, 6.10e-02, 6.00e-02, 5.90e-02, 5.70e-02,
       5.40e-02, 5.20e-02, 5.10e-02, 5.00e-02, 4.60e-02, 4.40e-02,
       4.30e-02, 4.20e-02, 3.70e-02, 3.50e-02, 3.20e-02, 3.00e-02,
       2.90e-02, 2.70e-02, 2.50e-02, 2.40e-02, 2.20e-02, 2.00e-02,
       1.90e-02, 1.80e-02, 1.70e-02, 1.60e-02, 1.40e-02, 1.30e-02,
       1.10e-02, 1.00e-02, 9.00e-03, 8.00e-03, 7.00e-03, 6.00e-03,
       5.00e-03, 4.00e-03, 3.00e-03, 2.00e-03, 1.00e-03, 0.00e+00]), array([0.   , 0.001, 0.002, 0.003, 0.004, 0.005, 0.006, 0.007, 0.008,
       0.009, 0.01 , 0.011, 0.012, 0.013, 0.014, 0.015, 0.016, 0.017,
       0.018, 0.019, 0.02 , 0.021, 0.022, 0.024, 0.025, 0.027, 0.029,
       0.03 , 0.032, 0.035, 0.037, 0.038, 0.04 , 0.042, 0.043, 0.044,
       0.046, 0.047, 0.048, 0.05 , 0.051, 0.052, 0.054, 0.057, 0.059,
       0.06 , 0.061, 0.063, 0.065, 0.066, 0.08 , 0.081, 0.082, 0.083,
       0.086, 0.087, 0.089, 0.09 , 0.091, 0.092, 0.094, 0.097, 0.098,
       0.101, 0.105, 0.106, 0.107, 0.11 , 0.111, 0.113, 0.116, 0.118,
       0.12 , 0.124, 0.127, 0.131, 0.135, 0.136, 0.139, 0.144, 0.147,
       0.162, 0.165, 0.171, 0.198, 0.199, 0.202, 0.203, 0.205, 0.207,
       0.209, 0.216, 0.227, 0.228, 0.243, 0.248, 0.249, 0.25 , 0.258,
       0.259, 0.267, 0.271, 0.272, 0.301, 0.307, 0.313, 0.315, 0.316,
       0.322, 0.327, 0.329, 0.33 , 0.346, 0.362, 0.367, 0.369, 0.372,
       0.374, 0.385, 0.389, 0.391, 0.393, 0.395, 0.396, 0.397, 0.403,
       0.406, 0.412, 0.414, 0.416, 0.42 , 0.448, 0.472, 0.478, 0.487,
       0.49 , 0.491, 0.493, 0.494, 0.499, 0.503, 0.505, 0.506, 0.51 ,
       0.524, 0.53 , 0.533, 0.542, 0.546, 0.568, 0.58 , 0.583, 0.591,
       0.602, 0.611, 0.616, 0.618, 0.621, 0.624, 0.629, 0.646, 0.647,
       0.648, 0.649, 0.659, 0.664, 0.666, 0.668, 0.687, 0.688, 0.693,
       0.696, 0.71 , 0.712, 0.716, 0.718, 0.721, 0.723, 0.728, 0.73 ,
       0.733, 0.739, 0.741, 0.744, 0.749, 0.75 , 0.751, 0.757, 0.758,
       0.767, 0.77 , 0.772, 0.775, 0.796, 0.799, 0.8  , 0.801, 0.811,
       0.814, 0.816, 0.819, 0.82 , 0.821, 0.828, 0.833, 0.836, 0.838,
       0.846, 0.85 , 0.852, 0.854, 0.855, 0.856, 0.86 , 0.862, 0.867,
       0.869, 0.872, 0.879, 0.88 , 0.881, 0.882, 0.888, 0.89 , 0.891,
       0.893, 0.895, 0.896, 0.898, 0.9  , 0.901, 0.904, 0.905, 0.907,
       0.909, 0.911, 0.912, 0.914, 0.916, 0.917, 0.92 , 0.921, 0.922,
       0.927, 0.93 , 0.931, 0.932, 0.933, 0.936, 0.94 , 0.944, 0.948,
       0.95 , 0.951, 0.956, 0.958, 0.96 , 0.963, 0.964, 0.966, 0.967,
       0.968, 0.969, 0.97 , 0.972, 0.973, 0.974, 0.975, 0.977, 0.978,
       0.979, 0.98 , 0.981, 0.982, 0.983, 0.984, 0.985, 0.986, 0.988,
       0.989, 0.99 , 0.991, 0.992, 0.993, 0.994, 0.995, 0.996, 0.997,
       0.998, 0.999, 1.   ])))
AUC: 0.943
AP: 0.725
