> Group_I_intron_Azoarcus_sp
0.845 0.804 0.740 0.717 0.717 0.738 0.740 0.740 0.740 0.740 0.740 0.738 0.723 0.717 0.696 0.658 0.597 0.536 0.520 0.509 0.481 0.481 0.481 0.481 0.481 0.481 0.481 0.481 0.594 0.676 0.706 0.768 0.802 0.802 0.802 0.802 0.802 0.802 0.802 0.803 0.825 0.855 0.873 0.873 0.873 0.873 0.887 0.956 1.000 1.000 1.000 1.000 1.000 1.000 1.000 1.000 1.000 1.000 0.917 0.917 0.917 0.917 0.917 0.917 0.917 0.917 0.961 0.961 0.961 0.961 1.000 1.000 1.000 1.000 1.000 1.000 1.000 1.000 1.000 1.000 1.000 1.000 0.863 0.772 0.772 0.772 0.772 0.772 0.772 0.772 0.772 0.820 0.870 0.985 1.000 1.000 1.000 1.000 1.000 1.000 1.000 1.000 1.000 1.000 1.000 1.000 1.000 1.000 1.000 1.000 1.000 1.000 1.000 1.000 1.000 1.000 1.000 1.000 1.000 0.846 0.679 0.511 0.342 0.237 0.227 0.218 0.218 0.218 0.218 0.218 0.218 0.227 0.232 0.237 0.267 0.271 0.283 0.288 0.299 0.312 0.332 0.440 0.529 0.617 0.696 0.745 0.745 0.745 0.745 0.745 0.745 0.745 0.745 0.714 0.583 0.553 0.553 0.553 0.553 0.553 0.553 0.553 0.535 0.535 0.535 0.535 0.535 0.535 0.535 0.535 0.394 0.320 0.320 0.320 0.303 0.266 0.234 0.228 0.228 0.228 0.234 0.303 0.303 0.320 0.349 0.353 0.484 0.665 0.842 1.000 1.000 1.000 1.000 1.000 1.000 1.000 1.000 1.000 1.000 0.841 0.671 0.492 0.313 0.223 0.223 0.223 0.223 0.223 0.223 0.223 0.223 0.223 0.223 0.223
> Lysine_riboswitch_T_maritime
0.698 0.698 0.698 0.698 0.715 0.752 0.752 0.752 0.752 0.752 0.752 0.752 0.752 0.719 0.614 0.614 0.614 0.614 0.614 0.614 0.614 0.614 0.636 0.738 0.738 0.740 0.769 0.772 0.805 0.827 0.845 0.851 0.874 0.879 0.884 0.928 1.000 1.000 1.000 1.000 1.000 1.000 1.000 1.000 1.000 0.960 0.899 0.772 0.602 0.422 0.402 0.402 0.396 0.341 0.314 0.308 0.280 0.255 0.255 0.278 0.292 0.307 0.308 0.314 0.314 0.314 0.314 0.314 0.311 0.307 0.307 0.307 0.307 0.311 0.314 0.316 0.344 0.358 0.358 0.358 0.358 0.492 0.492 0.492 0.492 0.492 0.492 0.492 0.492 0.459 0.459 0.459 0.459 0.459 0.459 0.459 0.459 0.463 0.507 0.611 0.715 0.820 0.928 0.998 1.000 1.000 1.000 1.000 1.000 1.000 1.000 1.000 1.000 1.000 1.000 1.000 1.000 1.000 1.000 1.000 1.000 1.000 0.999 0.971 0.940 0.884 0.821 0.757 0.721 0.700 0.694 0.688 0.684 0.649 0.561 0.561 0.561 0.561 0.561 0.561 0.561 0.561 0.737 0.919 1.000 1.000 1.000 1.000 1.000 1.000 1.000 1.000 1.000 1.000 1.000 1.000 1.000 1.000 0.953 0.791 0.628 0.469 0.443 0.440 0.430 0.415 0.403 0.329 0.328 0.328 0.328 0.328 0.403 0.415
> SAM_I_riboswitch_T_tengcongensis
1.000 1.000 1.000 1.000 1.000 1.000 1.000 1.000 1.000 1.000 1.000 1.000 1.000 0.903 0.822 0.768 0.687 0.633 0.625 0.625 0.625 0.625 0.622 0.615 0.608 0.608 0.608 0.596 0.583 0.615 0.622 0.622 0.625 0.626 0.626 0.626 0.547 0.547 0.547 0.547 0.547 0.547 0.547 0.504 0.382 0.366 0.360 0.360 0.360 0.360 0.360 0.360 0.360 0.360 0.474 0.656 0.835 1.000 1.000 1.000 1.000 1.000 1.000 1.000 1.000 1.000 1.000 1.000 0.905 0.781 0.623 0.623 0.623 0.623 0.623 0.623 0.598 0.598 0.598 0.618 0.647 0.648 0.649 0.708 0.714 0.734 0.780 0.792 0.870 0.923 0.974 1.000 1.000 1.000 1.000 1.000 1.000 1.000 1.000 1.000 1.000 1.000 1.000 1.000 1.000 0.929 0.922 0.910 0.841 0.836 0.829 0.748 0.747 0.747 0.747 0.747 0.748 0.829
> tRNA_Asp_yeast
0.757 0.757 0.759 0.767 0.767 0.767 0.767 0.772 0.784 0.820 0.900 1.000 1.000 1.000 1.000 1.000 1.000 1.000 1.000 1.000 1.000 1.000 1.000 1.000 1.000 1.000 1.000 1.000 1.000 1.000 1.000 1.000 1.000 1.000 1.000 1.000 1.000 1.000 1.000 1.000 1.000 0.954 0.954 0.954 0.954 0.954 0.954 0.954 0.954 1.000 1.000 1.000 1.000 1.000 1.000 1.000 1.000 1.000 1.000 1.000 1.000 1.000 0.944 0.886 0.839 0.783 0.749 0.746 0.734 0.658 0.574 0.466 0.466 0.466 0.466
> Adenine_riboswitch_V_vulnificus
0.805 0.741 0.741 0.706 0.684 0.684 0.706 0.741 0.766 0.805 0.811 0.836 0.856 0.910 1.000 1.000 1.000 1.000 1.000 1.000 1.000 1.000 1.000 1.000 1.000 1.000 1.000 1.000 1.000 1.000 1.000 1.000 1.000 1.000 1.000 1.000 1.000 1.000 1.000 1.000 1.000 1.000 1.000 1.000 1.000 1.000 1.000 1.000 1.000 1.000 1.000 1.000 1.000 1.000 1.000 1.000 1.000 1.000 0.898 0.815 0.814 0.803 0.775 0.774 0.768 0.732 0.729 0.729 0.729 0.729 0.729
> cyclic_di-GMP_riboswitch
0.769 0.769 0.772 0.772 0.772 0.783 0.787 0.799 0.820 0.865 0.892 0.900 0.903 0.910 0.911 0.929 0.947 0.965 0.982 1.000 1.000 1.000 1.000 1.000 1.000 1.000 1.000 1.000 1.000 1.000 1.000 0.998 0.978 0.950 0.899 0.899 0.899 0.899 0.899 0.899 0.899 0.899 0.899 0.899 0.899 0.899 0.899 0.899 0.902 0.904 0.908 0.910 0.911 0.911 0.911 0.935 1.000 1.000 1.000 1.000 1.000 1.000 1.000 1.000 1.000 1.000 1.000 1.000 1.000 1.000 1.000 1.000 1.000 1.000 1.000 1.000 1.000 1.000 1.000 1.000 1.000 1.000 1.000 0.941 0.817 0.704 0.598 0.485 0.406 0.355 0.286 0.209 0.140 0.115 0.115 0.115 0.115
> Pre-Q1_riboswitch
0.837 0.837 0.837 0.836 0.765 0.765 0.765 0.765 0.765 0.785 0.836 0.836 0.785 0.745 0.711 0.663 0.614 0.614 0.614 0.652 0.663 0.745 0.767 0.767 0.749 0.745 0.652 0.621 0.621 0.621 0.652 0.749 0.749 0.749
> 5domain_23S_rRNA_ecoli
0.480 0.480 0.480 0.480 0.480 0.473 0.457 0.395 0.386 0.374 0.319 0.307 0.306 0.306 0.306 0.306 0.306 0.306 0.306 0.306 0.438 0.438 0.438 0.456 0.463 0.565 0.570 0.573 0.658 0.671 0.704 0.711 0.711 0.840 0.860 0.861 0.861 0.862 0.883 0.887 0.888 0.936 0.962 0.982 1.000 1.000 1.000 1.000 1.000 1.000 1.000 1.000 1.000 1.000 1.000 1.000 1.000 1.000 1.000 1.000 1.000 1.000 1.000 1.000 1.000 1.000 1.000 1.000 1.000 1.000 1.000 1.000 1.000 1.000 1.000 1.000 1.000 0.995 0.993 0.978 0.973 0.973 0.973 0.973 0.904 0.904 0.904 0.904 0.904 0.904 0.904 0.904 0.910 0.911 0.912 0.929 0.947 0.965 0.982 1.000 1.000 1.000 1.000 1.000 1.000 1.000 1.000 1.000 1.000 1.000 1.000 1.000 1.000 1.000 1.000 1.000 1.000 1.000 1.000 1.000 1.000 1.000 1.000 1.000 1.000 1.000 1.000 1.000 1.000 1.000 1.000 1.000 1.000 1.000 1.000 1.000 1.000 1.000 1.000 1.000 1.000 1.000 1.000 1.000 1.000 1.000 1.000 1.000 1.000 1.000 1.000 1.000 1.000 1.000 1.000 1.000 1.000 1.000 1.000 1.000 0.964 0.877 0.812 0.812 0.812 0.806 0.727 0.720 0.705 0.600 0.578 0.576 0.576 0.576 0.576 0.459 0.318 0.230 0.153 0.124 0.124 0.124 0.124 0.124 0.124 0.124 0.124 0.202 0.308 0.439 0.439 0.439 0.439 0.439 0.439 0.439 0.439 0.326 0.183 0.107 0.088 0.084 0.082 0.082 0.082 0.082 0.082 0.082 0.082 0.082 0.082 0.082 0.082 0.083 0.085 0.093 0.125 0.256 0.385 0.385 0.385 0.385 0.385 0.385 0.385 0.385 0.299 0.296 0.285 0.285 0.285 0.285 0.285 0.285 0.285 0.290 0.296 0.290 0.290 0.290 0.290 0.290 0.290 0.290 0.262 0.205 0.205 0.205 0.205 0.205 0.205 0.205 0.205 0.232 0.238 0.238 0.238 0.238 0.294 0.329 0.383 0.408 0.426 0.516 0.516 0.516 0.516 0.516 0.613 0.613 0.613 0.613 0.613 0.613 0.641 0.674 0.702 0.705 0.709 0.710 0.717 0.717 0.877 0.989 1.000 1.000 1.000 1.000 1.000 1.000 1.000 1.000 1.000 1.000 1.000 1.000 1.000 1.000 1.000 1.000 0.910 0.845 0.790 0.712 0.612 0.592 0.585 0.559 0.556 0.556 0.556 0.556 0.556 0.556 0.559 0.569 0.585 0.656 0.699 0.710 0.710 0.710 0.710 0.710 0.710 0.710 0.710 0.627 0.627 0.627 0.627 0.627 0.627 0.627 0.627 0.685 0.685 0.685 0.685 0.685 0.685 0.693 0.724 0.785 0.785 0.785 0.785 0.785 0.785 0.854 1.000 1.000 1.000 1.000 1.000 1.000 1.000 1.000 1.000 1.000 1.000 1.000 1.000 1.000 1.000 1.000 1.000 1.000 1.000 1.000 1.000 1.000 1.000 1.000 1.000 1.000 1.000 1.000 1.000 1.000 1.000 1.000 1.000 1.000 1.000 1.000 1.000 1.000 1.000 1.000 1.000 1.000 1.000 1.000 1.000 1.000 1.000 1.000 1.000 1.000 1.000 1.000 1.000 1.000 1.000 1.000 0.889 0.804 0.738 0.650 0.504 0.444 0.444 0.444 0.444 0.444 0.444 0.444 0.444 0.541 0.638 0.638 0.638 0.638 0.638 0.638 0.638 0.638 0.554 0.437 0.327 0.256 0.234 0.234 0.234 0.234 0.234 0.234 0.234 0.234 0.286 0.304 0.304 0.304 0.340 0.353 0.364 0.394 0.414 0.425 0.425 0.425 0.405 0.372 0.364 0.340 0.340 0.340 0.340 0.326 0.326 0.326 0.326 0.326 0.326 0.326 0.326 0.367 0.549 0.725 0.882 1.000 1.000 1.000 1.000 1.000 1.000 1.000 1.000 1.000 0.855 0.681 0.499 0.316 0.133 0.133 0.133 0.133 0.133 0.133 0.133 0.133 0.146 0.244 0.333 0.454 0.564 0.646 0.704 0.776 0.813 0.813 0.813 0.813 0.813 0.813 0.813 0.813 0.813 0.813 0.813
> Group_I_Intron_T_thermophila
0.858 0.858 0.858 0.858 0.928 0.959 0.980 1.000 1.000 1.000 1.000 1.000 1.000 1.000 1.000 1.000 1.000 1.000 0.980 0.801 0.636 0.489 0.385 0.382 0.356 0.348 0.338 0.338 0.338 0.338 0.348 0.356 0.382 0.385 0.472 0.630 0.805 0.979 1.000 1.000 1.000 1.000 1.000 1.000 1.000 1.000 1.000 1.000 1.000 1.000 1.000 1.000 1.000 1.000 1.000 1.000 1.000 1.000 1.000 1.000 1.000 0.974 0.954 0.936 0.917 0.894 0.884 0.867 0.838 0.822 0.788 0.673 0.534 0.503 0.503 0.503 0.503 0.503 0.503 0.503 0.503 0.560 0.562 0.573 0.650 0.710 0.820 0.946 1.000 1.000 1.000 1.000 1.000 1.000 1.000 1.000 1.000 1.000 1.000 1.000 1.000 1.000 1.000 0.971 0.950 0.931 0.912 0.902 0.902 0.902 0.902 0.902 0.902 0.902 0.902 0.903 0.904 0.904 0.904 0.904 0.904 0.904 0.904 0.904 0.863 0.843 0.818 0.794 0.745 0.743 0.743 0.743 0.743 0.745 0.818 0.832 0.843 0.863 0.903 0.905 0.909 0.910 0.911 0.927 0.945 0.963 0.981 1.000 1.000 1.000 1.000 1.000 1.000 1.000 1.000 1.000 1.000 1.000 1.000 1.000 1.000 1.000 1.000 1.000 1.000 1.000 1.000 1.000 1.000 1.000 1.000 1.000 1.000 1.000 1.000 1.000 1.000 1.000 1.000 1.000 0.841 0.831 0.821 0.769 0.768 0.765 0.765 0.765 0.765 0.768 0.769 0.802 0.821 0.830 0.841 0.845 0.856 0.883 0.908 0.943 0.943 0.943 0.943 0.943 0.943 0.943 0.943 0.895 0.741 0.594 0.561 0.561 0.561 0.561 0.561 0.561 0.561 0.561 0.567 0.569 0.586 0.593 0.602 0.638 0.670 0.736 0.750 0.773 0.796 0.805 0.809 0.829 0.906 1.000 1.000 1.000 1.000 1.000 1.000 1.000 1.000 1.000 1.000 1.000 1.000 1.000 1.000 1.000 1.000 1.000 1.000 1.000 0.983 0.983 0.983 0.983 0.983 0.968 0.912 0.847 0.840 0.836 0.798 0.784 0.782 0.760 0.752 0.738 0.697 0.687 0.687 0.687 0.687 0.687 0.687 0.687 0.687 0.723 0.735 0.759 0.780 0.783 0.843 0.914 1.000 1.000 1.000 1.000 1.000 1.000 1.000 1.000 1.000 1.000 1.000 1.000 1.000 1.000 1.000 1.000 0.842 0.665 0.483 0.300 0.297 0.297 0.297 0.297 0.297 0.268 0.268 0.268 0.297 0.330 0.354 0.373 0.384 0.392 0.512 0.687 0.858 1.000 1.000 1.000 1.000 1.000 1.000 1.000 1.000 1.000 1.000 1.000 1.000 0.853 0.709 0.661 0.650 0.601 0.596 0.596 0.596 0.596 0.596 0.596 0.650 0.661 0.694 0.854 1.000 1.000 1.000 1.000 1.000 1.000 1.000 1.000 1.000 1.000 0.873 0.712 0.710 0.687 0.661 0.628 0.575 0.571 0.571 0.571 0.575 0.580 0.602 0.608 0.628 0.628 0.628 0.628 0.629 0.642 0.660 0.724 0.789 0.872 1.000 1.000 1.000 1.000 1.000 1.000 1.000 1.000 1.000 1.000 1.000 1.000 1.000 0.908 0.877 0.862 0.827 0.818 0.813 0.776 0.755 0.735 0.730 0.705 0.616 0.489 0.381 0.363 0.362 0.362 0.356 0.356 0.341 0.335 0.334 0.332 0.329 0.328 0.306 0.271 0.271 0.271 0.271
> Fluoride_riboswitch_P_syringae
0.447 0.447 0.447 0.447 0.626 0.802 0.959 0.992 0.992 0.992 0.992 0.993 0.999 0.999 0.999 0.993 0.992 0.992 0.992 0.992 0.981 0.888 0.741 0.741 0.741 0.741 0.741 0.741 0.741 0.741 0.749 0.870 0.915 0.941 0.965 1.000 1.000 1.000 1.000 1.000 1.000 1.000 1.000 1.000 1.000 1.000 1.000 1.000 0.982 0.963 0.939 0.918 0.894 0.891 0.891 0.891 0.890 0.886 0.867 0.771 0.624 0.468 0.323 0.323 0.323 0.323
> p546_bl3
0.471 0.471 0.471 0.473 0.473 0.473 0.473 0.473 0.473 0.473 0.473 0.441 0.425 0.425 0.498 0.521 0.551 0.615 0.700 0.700 0.700 0.700 0.732 0.901 1.000 1.000 1.000 1.000 1.000 1.000 1.000 1.000 1.000 1.000 1.000 1.000 1.000 1.000 1.000 1.000 1.000 1.000 1.000 1.000 1.000 1.000 1.000 1.000 1.000 1.000 1.000 1.000 1.000 1.000 1.000 1.000 1.000 1.000 1.000 1.000 1.000 1.000 1.000 1.000 1.000 1.000 0.967 0.850 0.730 0.609 0.494 0.494 0.494 0.494 0.494 0.494 0.494 0.494 0.605 0.726 0.844 0.949 1.000 1.000 1.000 1.000 1.000 1.000 1.000 1.000 1.000 1.000 1.000 1.000 1.000 1.000 1.000 1.000 1.000 1.000 1.000 1.000 1.000 0.819 0.645 0.546 0.517 0.500 0.496 0.467 0.412 0.412 0.412 0.412 0.431 0.467 0.478 0.478 0.478 0.478 0.546 0.629 0.724 0.825 0.893 0.925 0.943 0.951 0.957 0.977 1.000 1.000 1.000 1.000 1.000 1.000 1.000 1.000 1.000 1.000 1.000 1.000 0.822 0.822 0.819 0.742 0.699 0.647 0.622 0.567 0.567 0.567 0.622 0.622 0.699
> TPP_riboswitch_ecoli
0.922 0.922 0.922 0.922 0.953 0.974 0.993 1.000 1.000 1.000 1.000 1.000 1.000 1.000 1.000 1.000 1.000 1.000 1.000 1.000 1.000 1.000 1.000 1.000 1.000 0.978 0.958 0.939 0.914 0.892 0.885 0.843 0.721 0.718 0.684 0.651 0.609 0.600 0.549 0.549 0.549 0.549 0.578 0.609 0.609 0.609 0.609 0.609 0.609 0.621 0.627 0.691 0.711 0.716 0.720 0.724 0.724 0.742 0.753 0.785 0.785 0.785 0.785 0.772 0.772 0.772 0.772 0.790 0.793 0.815 0.815 0.815 0.796 0.796 0.796 0.796 0.815 0.815 0.837
> ecoli_23S
0.489 0.489 0.489 0.489 0.475 0.445 0.375 0.375 0.375 0.375 0.375 0.375 0.371 0.371 0.371 0.382 0.437 0.449 0.450 0.450 0.450 0.450 0.450 0.437 0.382 0.371 0.347 0.347 0.347 0.347 0.347 0.347 0.347 0.347 0.463 0.463 0.463 0.489 0.537 0.594 0.598 0.649 0.707 0.732 0.733 0.733 0.733 0.857 0.860 0.861 0.862 0.862 0.888 0.888 0.889 0.936 0.962 0.982 1.000 1.000 1.000 1.000 1.000 1.000 1.000 1.000 1.000 1.000 1.000 1.000 1.000 1.000 1.000 1.000 1.000 1.000 1.000 1.000 1.000 1.000 1.000 1.000 1.000 1.000 1.000 1.000 1.000 1.000 1.000 1.000 1.000 0.998 0.997 0.982 0.979 0.979 0.979 0.979 0.904 0.904 0.904 0.904 0.904 0.904 0.904 0.904 0.910 0.911 0.912 0.929 0.947 0.965 0.982 1.000 1.000 1.000 1.000 1.000 1.000 1.000 1.000 1.000 1.000 1.000 1.000 1.000 1.000 1.000 1.000 1.000 1.000 1.000 1.000 1.000 1.000 1.000 1.000 1.000 1.000 1.000 1.000 1.000 1.000 1.000 1.000 1.000 1.000 1.000 1.000 1.000 1.000 1.000 1.000 1.000 1.000 1.000 1.000 1.000 1.000 1.000 1.000 1.000 1.000 1.000 1.000 1.000 1.000 1.000 1.000 1.000 1.000 1.000 1.000 1.000 0.968 0.893 0.829 0.829 0.829 0.808 0.748 0.725 0.723 0.607 0.600 0.597 0.597 0.597 0.597 0.476 0.337 0.248 0.170 0.151 0.151 0.151 0.151 0.151 0.151 0.151 0.151 0.233 0.333 0.462 0.462 0.462 0.462 0.462 0.462 0.462 0.462 0.342 0.200 0.122 0.100 0.087 0.083 0.082 0.082 0.082 0.082 0.082 0.082 0.082 0.082 0.082 0.082 0.083 0.085 0.093 0.125 0.256 0.412 0.412 0.412 0.412 0.412 0.412 0.412 0.412 0.390 0.375 0.365 0.364 0.364 0.364 0.364 0.364 0.364 0.365 0.390 0.365 0.325 0.325 0.325 0.325 0.325 0.325 0.325 0.247 0.232 0.232 0.232 0.232 0.232 0.232 0.232 0.232 0.238 0.238 0.238 0.238 0.303 0.329 0.383 0.426 0.430 0.525 0.525 0.525 0.525 0.544 0.642 0.676 0.676 0.676 0.676 0.676 0.702 0.718 0.727 0.735 0.747 0.762 0.770 0.773 0.899 0.990 1.000 1.000 1.000 1.000 1.000 1.000 1.000 1.000 1.000 1.000 1.000 1.000 1.000 1.000 1.000 1.000 0.912 0.847 0.792 0.717 0.635 0.621 0.618 0.609 0.586 0.586 0.586 0.586 0.586 0.586 0.618 0.619 0.635 0.715 0.749 0.749 0.749 0.749 0.749 0.749 0.749 0.749 0.749 0.661 0.661 0.661 0.661 0.661 0.661 0.661 0.661 0.720 0.720 0.720 0.720 0.720 0.720 0.720 0.749 0.801 0.809 0.809 0.809 0.809 0.809 0.862 1.000 1.000 1.000 1.000 1.000 1.000 1.000 1.000 1.000 1.000 1.000 1.000 1.000 1.000 1.000 1.000 1.000 1.000 1.000 1.000 1.000 1.000 1.000 1.000 1.000 1.000 1.000 1.000 1.000 1.000 1.000 1.000 1.000 1.000 1.000 1.000 1.000 1.000 1.000 1.000 1.000 1.000 1.000 1.000 1.000 1.000 1.000 1.000 1.000 1.000 1.000 1.000 1.000 1.000 1.000 1.000 0.898 0.831 0.784 0.709 0.578 0.545 0.545 0.545 0.545 0.545 0.545 0.545 0.545 0.655 0.711 0.711 0.711 0.711 0.711 0.711 0.711 0.711 0.616 0.497 0.387 0.316 0.279 0.279 0.279 0.279 0.279 0.279 0.279 0.279 0.329 0.337 0.337 0.337 0.384 0.395 0.399 0.412 0.431 0.460 0.470 0.470 0.460 0.419 0.399 0.395 0.395 0.395 0.395 0.366 0.366 0.366 0.366 0.366 0.366 0.366 0.366 0.367 0.549 0.725 0.882 1.000 1.000 1.000 1.000 1.000 1.000 1.000 1.000 1.000 0.867 0.696 0.516 0.333 0.149 0.146 0.146 0.146 0.146 0.146 0.146 0.146 0.146 0.244 0.333 0.454 0.564 0.647 0.704 0.777 0.816 0.816 0.816 0.816 0.816 0.816 0.816 0.816 0.717 0.574 0.418 0.351 0.351 0.351 0.351 0.351 0.351 0.351 0.351 0.370 0.398 0.433 0.549 0.683 0.824 0.940 1.000 1.000 1.000 1.000 1.000 1.000 1.000 1.000 1.000 1.000 1.000 1.000 1.000 0.970 0.926 0.869 0.837 0.837 0.837 0.837 0.837 0.837 0.837 0.837 0.968 0.968 0.968 0.969 0.970 0.975 0.975 0.982 0.982 0.982 0.988 0.988 0.988 0.988 0.988 0.988 0.991 0.992 0.992 0.991 0.982 0.981 0.973 0.973 0.973 0.958 0.927 0.902 0.869 0.822 0.806 0.788 0.762 0.762 0.756 0.752 0.735 0.735 0.732 0.707 0.706 0.700 0.681 0.681 0.637 0.557 0.557 0.557 0.557 0.557 0.557 0.557 0.557 0.646 0.689 0.719 0.748 0.750 0.750 0.750 0.750 0.750 0.750 0.750 0.754 0.754 0.754 0.755 0.771 0.792 0.799 0.799 0.876 0.922 0.954 1.000 1.000 1.000 1.000 1.000 1.000 1.000 1.000 1.000 0.957 0.857 0.797 0.797 0.797 0.797 0.797 0.797 0.797 0.797 0.823 0.860 0.889 0.928 0.968 1.000 1.000 1.000 1.000 1.000 1.000 1.000 1.000 0.839 0.720 0.707 0.669 0.638 0.624 0.516 0.510 0.510 0.510 0.510 0.511 0.624 0.631 0.638 0.638 0.638 0.743 0.743 0.743 0.743 0.743 0.743 0.743 0.743 0.666 0.640 0.625 0.614 0.605 0.595 0.594 0.575 0.569 0.568 0.568 0.568 0.565 0.551 0.547 0.526 0.501 0.501 0.501 0.501 0.501 0.501 0.501 0.501 0.501 0.501 0.501 0.501 0.501 0.501 0.501 0.501 0.501 0.501 0.501 0.501 0.501 0.501 0.501 0.501 0.501 0.600 0.700 0.800 0.900 1.000 1.000 1.000 1.000 1.000 1.000 1.000 1.000 1.000 1.000 1.000 1.000 1.000 1.000 1.000 1.000 1.000 1.000 1.000 1.000 1.000 1.000 1.000 1.000 1.000 1.000 1.000 1.000 1.000 1.000 1.000 1.000 1.000 1.000 1.000 1.000 1.000 1.000 1.000 1.000 1.000 1.000 1.000 1.000 1.000 0.850 0.850 0.850 0.850 0.850 0.850 0.850 0.850 1.000 1.000 1.000 1.000 1.000 1.000 1.000 1.000 1.000 1.000 1.000 1.000 1.000 1.000 1.000 1.000 1.000 0.991 0.908 0.791 0.791 0.791 0.791 0.791 0.791 0.791 0.791 0.823 0.958 1.000 1.000 1.000 1.000 1.000 1.000 1.000 1.000 1.000 1.000 0.942 0.904 0.846 0.817 0.811 0.810 0.786 0.784 0.784 0.784 0.784 0.784 0.784 0.775 0.729 0.690 0.677 0.677 0.677 0.677 0.677 0.580 0.422 0.422 0.422 0.422 0.422 0.422 0.422 0.422 0.467 0.555 0.631 0.718 0.813 0.903 0.968 1.000 1.000 1.000 1.000 1.000 1.000 1.000 1.000 1.000 1.000 1.000 1.000 1.000 1.000 1.000 1.000 1.000 1.000 1.000 1.000 1.000 1.000 1.000 0.953 0.925 0.895 0.884 0.883 0.876 0.873 0.867 0.861 0.858 0.839 0.833 0.752 0.636 0.526 0.397 0.296 0.296 0.296 0.296 0.296 0.296 0.296 0.296 0.302 0.450 0.468 0.468 0.468 0.468 0.468 0.487 0.550 0.594 0.594 0.594 0.594 0.550 0.545 0.487 0.468 0.410 0.410 0.486 0.487 0.545 0.594 0.665 0.665 0.665 0.665 0.665 0.833 0.954 1.000 1.000 1.000 1.000 1.000 1.000 1.000 1.000 1.000 1.000 1.000 1.000 1.000 1.000 1.000 1.000 1.000 1.000 1.000 1.000 1.000 1.000 0.819 0.640 0.470 0.308 0.159 0.159 0.159 0.159 0.159 0.159 0.159 0.159 0.169 0.252 0.313 0.347 0.371 0.378 0.432 0.521 0.618 0.669 0.689 0.690 0.697 0.698 0.698 0.698 0.698 0.698 0.698 0.698 0.698 0.698 0.698 0.698 0.698 0.698 0.698 0.674 0.630 0.630 0.630 0.630 0.630 0.630 0.630 0.526 0.392 0.254 0.161 0.161 0.161 0.161 0.161 0.161 0.161 0.161 0.215 0.280 0.280 0.280 0.290 0.295 0.327 0.355 0.355 0.355 0.345 0.327 0.327 0.327 0.327 0.345 0.363 0.366 0.389 0.401 0.523 0.655 0.776 0.865 0.878 0.892 0.895 0.909 0.934 0.949 0.979 0.990 1.000 1.000 1.000 1.000 1.000 1.000 1.000 1.000 1.000 1.000 1.000 1.000 1.000 1.000 1.000 1.000 0.962 0.921 0.864 0.754 0.622 0.622 0.622 0.622 0.612 0.609 0.586 0.579 0.548 0.530 0.530 0.543 0.579 0.579 0.568 0.568 0.568 0.568 0.568 0.568 0.584 0.591 0.624 0.715 0.826 0.925 1.000 1.000 1.000 1.000 1.000 1.000 1.000 1.000 1.000 1.000 0.979 0.870 0.774 0.677 0.595 0.520 0.482 0.407 0.333 0.245 0.167 0.134 0.123 0.110 0.110 0.110 0.110 0.110 0.110 0.110 0.110 0.111 0.136 0.178 0.243 0.355 0.459 0.533 0.639 0.733 0.773 0.809 0.809 0.809 0.809 0.809 0.809 0.809 0.809 0.788 0.764 0.757 0.748 0.748 0.748 0.748 0.748 0.748 0.748 0.764 0.813 0.952 1.000 1.000 1.000 1.000 1.000 1.000 1.000 1.000 1.000 1.000 1.000 1.000 1.000 1.000 1.000 0.942 0.843 0.742 0.680 0.675 0.675 0.675 0.675 0.675 0.675 0.675 0.675 0.675 0.675 0.675 0.675 0.675 0.675 0.689 0.703 0.704 0.737 0.743 0.745 0.844 0.965 0.965 0.965 0.965 0.965 1.000 1.000 1.000 1.000 1.000 1.000 1.000 1.000 1.000 1.000 1.000 1.000 1.000 1.000 1.000 1.000 1.000 1.000 1.000 1.000 1.000 1.000 1.000 1.000 1.000 1.000 1.000 1.000 0.988 0.986 0.970 0.885 0.769 0.634 0.488 0.377 0.320 0.313 0.313 0.304 0.284 0.263 0.233 0.229 0.229 0.198 0.177 0.163 0.163 0.144 0.113 0.090 0.086 0.086 0.086 0.086 0.086 0.086 0.086 0.086 0.098 0.282 0.465 0.648 0.828 1.000 1.000 1.000 1.000 1.000 1.000 1.000 1.000 1.000 1.000 1.000 1.000 1.000 1.000 1.000 0.880 0.752 0.623 0.539 0.539 0.539 0.539 0.539 0.539 0.539 0.539 0.694 0.779 0.779 0.793 0.793 0.793 0.793 0.793 0.793 0.784 0.779 0.779 0.764 0.764 0.665 0.522 0.380 0.287 0.241 0.241 0.241 0.241 0.241 0.241 0.241 0.241 0.285 0.285 0.285 0.285 0.285 0.285 0.336 0.373 0.390 0.390 0.390 0.390 0.390 0.390 0.414 0.460 0.491 0.491 0.504 0.505 0.529 0.556 0.556 0.556 0.556 0.533 0.529 0.518 0.512 0.505 0.505 0.505 0.512 0.512 0.512 0.512 0.512 0.512 0.505 0.493 0.489 0.480 0.480 0.480 0.480 0.480 0.493 0.493 0.493 0.493 0.493 0.493 0.493 0.575 0.687 0.818 0.924 1.000 1.000 1.000 1.000 1.000 1.000 1.000 1.000 1.000 1.000 1.000 1.000 1.000 1.000 0.928 0.874 0.833 0.812 0.808 0.807 0.791 0.787 0.765 0.755 0.689 0.577 0.577 0.577 0.577 0.577 0.574 0.486 0.457 0.449 0.361 0.372 0.415 0.452 0.455 0.455 0.455 0.455 0.455 0.455 0.455 0.455 0.534 0.635 0.762 0.822 0.827 0.828 0.835 0.864 0.881 0.951 0.994 1.000 1.000 1.000 1.000 1.000 1.000 1.000 1.000 1.000 1.000 1.000 1.000 1.000 1.000 1.000 1.000 1.000 1.000 1.000 1.000 1.000 1.000 0.873 0.729 0.609 0.608 0.608 0.608 0.608 0.608 0.608 0.608 0.609 0.636 0.666 0.758 0.828 0.872 0.933 1.000 1.000 1.000 1.000 1.000 1.000 1.000 1.000 1.000 1.000 1.000 1.000 1.000 1.000 1.000 1.000 1.000 1.000 1.000 1.000 1.000 1.000 1.000 1.000 0.824 0.658 0.615 0.615 0.615 0.615 0.585 0.573 0.568 0.561 0.564 0.568 0.573 0.585 0.615 0.643 0.645 0.666 0.670 0.775 0.864 0.909 0.936 0.961 1.000 1.000 1.000 1.000 1.000 1.000 1.000 1.000 1.000 1.000 1.000 1.000 1.000 1.000 1.000 1.000 0.975 0.922 0.849 0.777 0.769 0.760 0.760 0.760 0.760 0.760 0.760 0.760 0.761 0.761 0.761 0.742 0.761 0.777 0.781 0.818 0.838 0.874 0.874 0.874 0.874 0.894 0.947 0.992 1.000 1.000 1.000 1.000 1.000 1.000 1.000 1.000 1.000 1.000 1.000 1.000 1.000 0.976 0.943 0.896 0.859 0.819 0.810 0.803 0.802 0.794 0.790 0.787 0.780 0.774 0.767 0.719 0.626 0.504 0.437 0.419 0.387 0.386 0.386 0.386 0.386 0.386 0.386 0.388 0.419 0.437 0.443 0.513 0.513 0.513 0.513 0.513 0.513 0.513 0.513 0.452 0.309 0.236 0.152 0.152 0.152 0.152 0.152 0.152 0.152 0.152 0.163 0.196 0.196 0.196 0.196 0.196 0.196 0.196 0.196 0.232 0.232 0.232 0.232 0.232 0.232 0.232 0.310 0.463 0.491 0.491 0.491 0.491 0.491 0.491 0.491 0.491 0.365 0.260 0.186 0.138 0.107 0.095 0.095 0.095 0.095 0.095 0.095 0.095 0.095 0.096 0.100 0.115 0.176 0.280 0.423 0.457 0.458 0.458 0.458 0.458 0.458 0.458 0.458 0.457 0.432 0.391 0.391 0.391 0.391 0.391 0.391 0.391 0.391 0.445 0.514 0.571 0.605 0.609 0.609 0.609 0.639 0.645 0.704 0.711 0.721 0.757 0.797 0.798 0.804 0.804 0.818 0.822 0.835 0.862 0.862 0.865 0.872 0.903 0.969 1.000 1.000 1.000 1.000 1.000 1.000 1.000 1.000 1.000 0.951 0.899 0.863 0.833 0.788 0.781 0.756 0.724 0.707 0.701 0.700 0.696 0.632 0.525 0.390 0.259 0.209 0.209 0.209 0.209 0.209 0.209 0.209 0.209 0.296 0.381 0.450 0.450 0.450 0.450 0.450 0.450 0.450 0.450 0.339 0.236 0.208 0.208 0.208 0.208 0.208 0.200 0.196 0.191 0.191 0.191 0.191 0.191 0.191 0.196 0.200 0.200 0.200 0.200 0.200 0.200 0.259 0.371 0.490 0.639 0.651 0.661 0.681 0.727 0.760 0.760 0.760 0.760 0.727 0.693 0.681 0.651 0.639 0.581 0.525 0.524 0.504 0.492 0.439 0.371 0.371 0.371 0.371 0.371 0.371 0.371 0.371 0.510 0.512 0.536 0.537 0.537 0.537 0.537 0.537 0.537 0.536 0.511 0.510 0.510 0.510 0.511 0.511 0.500 0.498 0.497 0.474 0.474 0.471 0.471 0.452 0.403 0.374 0.353 0.353 0.353 0.353 0.353 0.353 0.343 0.287 0.258 0.252 0.243 0.258 0.323 0.353 0.353 0.334 0.323 0.267 0.258 0.258 0.258 0.267 0.323 0.334 0.353 0.364 0.368 0.506 0.629 0.649 0.653 0.655 0.658 0.663 0.667 0.672 0.684 0.684 0.684 0.684 0.684 0.719 0.721 0.738 0.744 0.778 0.780 0.788 0.800 0.807 0.822 0.829 0.833 0.895 0.962 1.000 1.000 1.000 1.000 1.000 1.000 1.000 1.000 1.000 1.000 1.000 1.000 1.000 1.000 1.000 1.000 1.000 1.000 1.000 1.000 0.818 0.635 0.452 0.270 0.158 0.157 0.157 0.157 0.157 0.157 0.157 0.157 0.158 0.158 0.163 0.180 0.194 0.199 0.209 0.237 0.390 0.548 0.711 0.863 1.000 1.000 1.000 1.000 1.000 1.000 1.000 1.000 1.000 1.000 1.000 1.000 1.000 0.864 0.724 0.605 0.521 0.521 0.521 0.521 0.521 0.521 0.521 0.521 0.699 0.862 0.864 0.866 0.885 0.894 0.913 0.923 0.923 0.923 0.913 0.894 0.885 0.866 0.864 0.863 0.740 0.639 0.639 0.639 0.639 0.639 0.639 0.639 0.639 0.639 0.639 0.639 0.639 0.656 0.666 0.711 0.721 0.741 0.741 0.741 0.741 0.776 0.864 0.951 1.000 1.000 1.000 1.000 1.000 1.000 1.000 1.000 1.000 1.000 1.000 1.000 1.000 1.000 1.000 0.996 0.990 0.990 0.990 0.990 0.989 0.983 0.982 0.976 0.975 0.969 0.969 0.951 0.780 0.740 0.728 0.721 0.709 0.650 0.649 0.629 0.574 0.556 0.538 0.538 0.460 0.384 0.354 0.332 0.332 0.332 0.332 0.332 0.332 0.332 0.332 0.332 0.315 0.315 0.316 0.341 0.392 0.392 0.392 0.392 0.374 0.316 0.290 0.288 0.282 0.282 0.290 0.316 0.374 0.374 0.374 0.374 0.375 0.453 0.573 0.705 0.775 0.817 0.833 0.852 0.857 0.866 0.874 0.881 0.906 0.956 1.000 1.000 1.000 1.000 1.000 1.000 1.000 1.000 1.000 1.000 1.000 1.000 1.000 0.908 0.802 0.706 0.631 0.546 0.546 0.546 0.546 0.546 0.546 0.546 0.546 0.597 0.657 0.657 0.657 0.657 0.657 0.659 0.675 0.706 0.722 0.750 0.758 0.778 0.789 0.794 0.908 1.000 1.000 1.000 1.000 1.000 1.000 1.000 1.000 1.000 1.000 1.000 1.000 1.000 1.000 1.000 1.000 0.943 0.881 0.836 0.818 0.814 0.802 0.772 0.753 0.733 0.730 0.710 0.699 0.673 0.673 0.673 0.673 0.673 0.673 0.673 0.673 0.757 0.823 0.840 0.856 0.857 0.862 0.889 0.914 0.954 1.000 1.000 1.000 1.000 1.000 1.000 1.000 1.000 1.000 1.000 1.000 1.000 1.000 1.000 1.000 1.000 1.000 1.000 1.000 1.000 1.000 1.000 1.000 1.000 1.000 1.000 1.000 1.000 1.000 1.000 1.000 1.000 1.000 1.000 1.000 1.000 1.000 1.000 1.000 1.000 1.000 1.000 1.000 1.000 1.000 1.000 1.000 1.000 1.000 1.000 1.000 1.000 1.000 1.000 1.000 1.000 1.000 1.000 1.000 1.000 1.000 1.000 1.000 1.000 1.000 1.000 1.000 1.000 1.000 1.000 1.000 1.000 1.000 1.000 1.000 1.000 1.000 1.000 0.993 0.928 0.774 0.598 0.416 0.240 0.233 0.233 0.233 0.233 0.233 0.233 0.233 0.233 0.322 0.322 0.322 0.322 0.322 0.322 0.363 0.375 0.453 0.453 0.453 0.453 0.453 0.453 0.542 0.719 0.881 0.994 1.000 1.000 1.000 1.000 1.000 1.000 1.000 1.000 1.000 1.000 1.000 1.000 1.000 1.000 1.000 1.000 1.000 1.000 1.000 1.000 1.000 1.000 1.000 0.849 0.674 0.493 0.311 0.198 0.196 0.182 0.174 0.148 0.145 0.132 0.132 0.145 0.148 0.174 0.182 0.182 0.182 0.186 0.305 0.305 0.328 0.370 0.422 0.433 0.458 0.517 0.563 0.601 0.603 0.638 0.773 0.922 0.973 1.000 1.000 1.000 1.000 1.000 1.000 1.000 1.000 1.000 1.000 1.000 1.000 1.000 1.000 0.975 0.951 0.916 0.832 0.694 0.563 0.464 0.357 0.357 0.357 0.357 0.357 0.357 0.357 0.357 0.465 0.635 0.763 0.857 0.881 0.886 0.901 0.910 0.929 0.934 0.947 0.971 0.980 0.995 1.000 1.000 1.000 1.000 1.000 1.000 1.000 1.000 1.000 1.000 1.000 1.000 1.000 1.000 1.000 1.000 1.000 1.000 1.000 1.000 1.000 1.000 1.000 1.000 1.000 1.000 1.000 0.864 0.705 0.536 0.356 0.176 0.176 0.176 0.176 0.176 0.176 0.176 0.176 0.233 0.326 0.412 0.447 0.448 0.460 0.462 0.462 0.462 0.462 0.462 0.460 0.458 0.448 0.447 0.448 0.458 0.458 0.458 0.458 0.458 0.458 0.464 0.593 0.723 0.780 0.783 0.790 0.790 0.790 0.790 0.790 0.790 0.783 0.780 0.762 0.749 0.739 0.671 0.550 0.550 0.550 0.550 0.550 0.550 0.550 0.550 0.554 0.728 0.885 0.965 1.000 1.000 1.000 1.000 1.000 1.000 1.000 1.000 1.000 1.000 1.000 1.000 1.000 1.000 1.000 1.000 1.000 1.000 1.000 1.000 1.000 1.000 1.000 1.000 1.000 0.965 0.914 0.820 0.758 0.758 0.758 0.758 0.758 0.758 0.758 0.758 0.782 0.820 0.872 0.921 0.965 1.000 1.000 1.000 1.000 1.000 1.000 1.000 1.000 1.000 1.000 1.000 1.000 1.000 1.000 1.000 1.000 1.000 1.000 1.000 1.000 1.000 1.000 1.000 1.000 1.000 1.000 1.000 1.000 1.000 1.000 1.000 1.000 1.000 1.000 1.000 1.000 1.000 1.000 1.000 1.000 1.000 1.000 1.000 1.000 1.000 1.000 0.836 0.803 0.793 0.757 0.700 0.676 0.632 0.568 0.534 0.514 0.465 0.514 0.568 0.575 0.575 0.575 0.575 0.568 0.490 0.435 0.435 0.435 0.459 0.490 0.556 0.575 0.633 0.613 0.556 0.520 0.490 0.459 0.419 0.419 0.419 0.419 0.419 0.393 0.393 0.393 0.393 0.393 0.393 0.393 0.393 0.425 0.587 0.754 0.899 0.899 0.899 0.899 0.899 0.899 0.899 0.899 0.806 0.711 0.609 0.561 0.528 0.518 0.484 0.484 0.484 0.484 0.484 0.484 0.484 0.484 0.611 0.778 0.925 1.000 1.000 1.000 1.000 1.000 1.000 1.000 1.000 1.000 1.000 1.000 1.000 1.000 1.000 0.982 0.964 0.954 0.949 0.946 0.926 0.899 0.891 0.886 0.862 0.862 0.862 0.862 0.862 0.862 0.862 0.862 0.862 0.862 0.862 0.919 0.919 0.919 0.932 0.938 0.940 0.948 0.979 1.000 1.000 1.000 1.000 1.000 1.000 1.000 1.000 1.000 1.000 1.000 1.000 1.000 1.000 1.000 1.000 1.000 1.000 1.000 1.000 1.000 1.000 1.000 1.000 1.000 0.892 0.841 0.814 0.803 0.790 0.760 0.760 0.760 0.760 0.760 0.760 0.760 0.738 0.722 0.657 0.657 0.657 0.657 0.657 0.657 0.515 0.387 0.341 0.341 0.341 0.341 0.341 0.341 0.341 0.341 0.506 0.506 0.506 0.506 0.506 0.506 0.506 0.508 0.512 0.512 0.512 0.512 0.512 0.512 0.512 0.622 0.730 0.835 0.880 0.880 0.880 0.915 0.918 0.962 0.965 1.000 1.000 1.000 1.000 1.000 1.000 1.000 1.000 1.000 1.000 1.000 1.000 1.000 1.000 1.000 1.000 1.000 1.000 0.979 0.953 0.903 0.903 0.903 0.903 0.903 0.903 0.903 0.903 1.000 1.000 1.000 1.000 1.000 1.000 1.000 1.000 1.000 1.000 1.000 0.820 0.637 0.454 0.454 0.454 0.454 0.454 0.454 0.454 0.454 0.542 0.567 0.567 0.568 0.570 0.574 0.580 0.591 0.595 0.591 0.580 0.574 0.570 0.568 0.567 0.567 0.556 0.449 0.449 0.449 0.449 0.449 0.449 0.449 0.449 0.428 0.428 0.428 0.429 0.452 0.479 0.491 0.496 0.496 0.496 0.496 0.496 0.496 0.496 0.496 0.499 0.500 0.500 0.501 0.501 0.501 0.501 0.501 0.501 0.501 0.501 0.501 0.501 0.501 0.501 0.501 0.501 0.501 0.501 0.501 0.501 0.501 0.501 0.501 0.501 0.501 0.501 0.501 0.501 0.501 0.501 0.501 0.501 0.501 0.501 0.501 0.501 0.501 0.501 0.501 0.501 0.501 0.501 0.501 0.501 0.501 0.501 0.501 0.501 0.501 0.501
> 5S_rRNA_ecoli
0.887 0.887 0.887 0.887 0.905 0.905 0.908 0.923 0.941 0.959 0.978 1.000 1.000 1.000 1.000 1.000 1.000 1.000 1.000 1.000 1.000 1.000 1.000 1.000 1.000 1.000 1.000 1.000 1.000 0.934 0.873 0.750 0.589 0.434 0.324 0.203 0.147 0.147 0.144 0.144 0.144 0.143 0.139 0.137 0.135 0.135 0.135 0.137 0.139 0.143 0.145 0.145 0.145 0.148 0.148 0.208 0.223 0.227 0.231 0.231 0.235 0.239 0.241 0.248 0.253 0.256 0.260 0.273 0.365 0.417 0.419 0.444 0.470 0.481 0.516 0.577 0.704 0.795 0.861 0.919 1.000 1.000 1.000 1.000 1.000 1.000 1.000 1.000 1.000 1.000 1.000 1.000 1.000 1.000 1.000 0.920 0.792 0.780 0.712 0.710 0.626 0.619 0.619 0.619 0.619 0.626 0.668 0.710 0.710 0.710 0.677 0.668 0.626 0.611 0.611 0.611 0.611 0.611 0.611 0.611
> 5domain_16S_rRNA_ecoli
0.330 0.330 0.330 0.330 0.382 0.474 0.492 0.503 0.517 0.551 0.581 0.592 0.600 0.639 0.639 0.639 0.639 0.639 0.639 0.639 0.639 0.495 0.489 0.474 0.471 0.445 0.422 0.374 0.374 0.374 0.422 0.430 0.445 0.465 0.465 0.465 0.465 0.509 0.511 0.542 0.552 0.619 0.622 0.634 0.674 0.725 0.790 0.883 0.962 1.000 1.000 1.000 1.000 1.000 1.000 1.000 1.000 1.000 1.000 1.000 1.000 1.000 1.000 1.000 1.000 1.000 1.000 1.000 1.000 1.000 1.000 1.000 1.000 1.000 1.000 1.000 1.000 1.000 1.000 1.000 1.000 1.000 1.000 1.000 1.000 1.000 1.000 1.000 1.000 1.000 1.000 1.000 1.000 1.000 1.000 1.000 1.000 1.000 1.000 1.000 1.000 1.000 1.000 1.000 1.000 1.000 1.000 1.000 1.000 1.000 0.956 0.923 0.895 0.873 0.857 0.850 0.828 0.806 0.787 0.787 0.787 0.787 0.787 0.787 0.787 0.787 0.825 0.930 1.000 1.000 1.000 1.000 1.000 1.000 1.000 1.000 1.000 1.000 1.000 1.000 1.000 1.000 1.000 1.000 0.971 0.967 0.967 0.967 0.921 0.890 0.830 0.748 0.705 0.683 0.647 0.646 0.618 0.608 0.608 0.608 0.608 0.618 0.646 0.647 0.683 0.683 0.694 0.722 0.728 0.730 0.799 0.869 0.931 1.000 1.000 1.000 1.000 1.000 1.000 1.000 1.000 1.000 1.000 1.000 1.000 1.000 1.000 1.000 1.000 1.000 1.000 0.967 0.945 0.926 0.908 0.893 0.887 0.859 0.785 0.662 0.662 0.662 0.662 0.639 0.604 0.529 0.526 0.514 0.514 0.514 0.514 0.514 0.514 0.514 0.512 0.512 0.512 0.512 0.512 0.512 0.514 0.530 0.534 0.590 0.639 0.729 0.872 1.000 1.000 1.000 1.000 1.000 1.000 1.000 1.000 1.000 1.000 1.000 1.000 1.000 1.000 1.000 1.000 1.000 1.000 1.000 1.000 1.000 1.000 0.996 0.996 0.967 0.954 0.946 0.934 0.934 0.934 0.934 0.934 0.934 0.954 0.967 0.967 1.000 1.000 1.000 1.000 1.000 1.000 1.000 1.000 1.000 1.000 1.000 1.000 1.000 1.000 1.000 1.000 1.000 1.000 1.000 1.000 0.991 0.960 0.960 0.931 0.929 0.915 0.894 0.824 0.673 0.498 0.363 0.247 0.136 0.136 0.136 0.136 0.136 0.136 0.136 0.136 0.140 0.225 0.338 0.384 0.429 0.435 0.443 0.459 0.531 0.568 0.571 0.582 0.582 0.582 0.582 0.582 0.582 0.571 0.568 0.560 0.560 0.560 0.560 0.560 0.525 0.525 0.469 0.436 0.436 0.443 0.469 0.496 0.505 0.505 0.496 0.469 0.443 0.439 0.439 0.439 0.439 0.443 0.496 0.505 0.550 0.572 0.753 0.934 1.000 1.000 1.000 1.000 1.000 1.000 1.000 1.000 0.932 0.757 0.599 0.514 0.514 0.514 0.514 0.514 0.514 0.514 0.495 0.494 0.494 0.494 0.494 0.471 0.469 0.469 0.417 0.398 0.386 0.386 0.386 0.386 0.386 0.386 0.398 0.417 0.535 0.700 0.840 0.943 1.000 1.000 1.000 1.000 1.000 1.000 1.000 1.000 0.914 0.806 0.682 0.563 0.448 0.434 0.426 0.423 0.423 0.423 0.423 0.423 0.423 0.426 0.434 0.474 0.474 0.474 0.474 0.474 0.474 0.477 0.563 0.601 0.601 0.601 0.601 0.601 0.601 0.721 0.874 1.000 1.000 1.000 1.000 1.000 1.000 1.000 1.000 1.000 1.000 1.000 1.000 1.000 1.000 1.000 1.000 1.000 1.000 1.000 0.851 0.680 0.514 0.393 0.393 0.393 0.393 0.393 0.393 0.393 0.393 0.393 0.393 0.393 0.393 0.393 0.402 0.452 0.489 0.539 0.539 0.452 0.452 0.402 0.315 0.298 0.280 0.315 0.402 0.428 0.452 0.539 0.597 0.597 0.597 0.608 0.780 0.916 0.967 1.000 1.000 1.000 1.000 1.000 1.000 1.000 1.000 1.000 1.000 1.000 1.000 1.000 1.000 0.995 0.974 0.796 0.746 0.746 0.746 0.746 0.746 0.746 0.746 0.746 0.789 0.836 0.907 1.000 1.000 1.000 1.000 1.000 1.000 1.000 1.000 0.910 0.832 0.766 0.766 0.766 0.766
> Group_II_intron_O_iheyensis
0.323 0.323 0.323 0.330 0.330 0.330 0.330 0.323 0.314 0.314 0.330 0.369 0.399 0.399 0.399 0.399 0.399 0.428 0.466 0.466 0.466 0.466 0.466 0.466 0.466 0.466 0.431 0.371 0.365 0.365 0.365 0.365 0.362 0.361 0.361 0.361 0.365 0.366 0.371 0.380 0.386 0.497 0.577 0.685 0.842 0.842 0.842 0.842 0.842 0.842 0.842 0.842 0.842 0.774 0.741 0.687 0.534 0.477 0.447 0.428 0.428 0.415 0.404 0.399 0.398 0.392 0.392 0.392 0.392 0.392 0.350 0.317 0.302 0.302 0.302 0.302 0.302 0.302 0.302 0.302 0.316 0.417 0.569 0.711 0.811 0.953 1.000 1.000 1.000 1.000 1.000 1.000 1.000 1.000 1.000 1.000 1.000 1.000 1.000 1.000 1.000 1.000 1.000 1.000 1.000 1.000 1.000 1.000 1.000 1.000 1.000 1.000 1.000 1.000 1.000 1.000 1.000 1.000 1.000 1.000 1.000 1.000 1.000 1.000 1.000 1.000 1.000 1.000 1.000 1.000 1.000 1.000 1.000 1.000 1.000 1.000 1.000 1.000 1.000 1.000 1.000 1.000 1.000 1.000 1.000 1.000 1.000 1.000 0.966 0.928 0.926 0.915 0.915 0.915 0.915 0.915 0.915 0.919 0.926 0.928 0.938 0.957 0.981 1.000 1.000 1.000 1.000 1.000 1.000 1.000 1.000 1.000 1.000 1.000 1.000 1.000 1.000 1.000 1.000 1.000 1.000 1.000 1.000 1.000 1.000 1.000 1.000 1.000 1.000 1.000 1.000 0.975 0.953 0.925 0.884 0.884 0.884 0.884 0.884 0.884 0.884 0.884 0.965 1.000 1.000 1.000 1.000 1.000 1.000 1.000 1.000 1.000 1.000 0.942 0.877 0.839 0.813 0.791 0.785 0.709 0.581 0.581 0.581 0.581 0.581 0.581 0.581 0.545 0.486 0.486 0.486 0.486 0.486 0.486 0.486 0.331 0.316 0.315 0.301 0.287 0.261 0.261 0.261 0.261 0.287 0.301 0.307 0.315 0.316 0.341 0.341 0.341 0.347 0.367 0.370 0.378 0.378 0.387 0.401 0.423 0.562 0.730 0.891 1.000 1.000 1.000 1.000 1.000 1.000 1.000 1.000 1.000 0.941 0.759 0.576 0.394 0.219 0.130 0.129 0.122 0.117 0.116 0.100 0.100 0.100 0.105 0.105 0.105 0.105 0.105 0.105 0.173 0.296 0.406 0.422 0.428 0.448 0.453 0.467 0.563 0.725 0.870 0.924 0.958 1.000 1.000 1.000 1.000 1.000 1.000 1.000 1.000 1.000 1.000 1.000 0.853 0.681 0.510 0.364 0.222 0.213 0.208 0.198 0.160 0.147 0.147 0.147 0.147 0.147 0.147 0.147 0.147 0.325 0.485 0.662 0.838 1.000 1.000 1.000 1.000 1.000 1.000 1.000 1.000 0.848 0.675 0.501 0.428 0.419 0.419 0.419 0.419 0.414 0.414 0.399 0.414 0.414 0.419 0.428 0.453 0.460 0.477 0.550 0.710 0.837 0.908 1.000 1.000 1.000 1.000 1.000 1.000 1.000 1.000 0.858 0.858 0.825 0.788 0.771 0.661 0.644 0.627 0.550 0.499 0.485 0.472 0.485 0.485 0.485 0.485 0.485 0.485 0.485 0.650 0.830 1.000 1.000 1.000 1.000 1.000 1.000 1.000 1.000 0.946 0.931 0.931 0.882 0.779 0.653 0.653 0.653 0.653
> cdiff_16S
0.344 0.344 0.344 0.344 0.344 0.344 0.344 0.344 0.344 0.344 0.344 0.352 0.352 0.504 0.661 0.775 0.865 0.865 0.865 0.885 0.896 0.896 0.896 0.896 0.896 0.869 0.869 0.869 0.869 0.869 0.869 0.901 0.936 0.956 1.000 1.000 1.000 1.000 1.000 1.000 1.000 1.000 1.000 0.885 0.784 0.654 0.487 0.381 0.367 0.358 0.328 0.323 0.317 0.288 0.277 0.253 0.206 0.206 0.206 0.206 0.206 0.206 0.206 0.206 0.283 0.426 0.554 0.722 0.840 0.909 0.949 1.000 1.000 1.000 1.000 1.000 1.000 1.000 1.000 1.000 1.000 0.864 0.747 0.650 0.534 0.371 0.339 0.283 0.226 0.182 0.180 0.179 0.177 0.172 0.170 0.166 0.166 0.166 0.166 0.166 0.166 0.170 0.172 0.256 0.410 0.592 0.767 0.919 0.971 1.000 1.000 1.000 1.000 1.000 1.000 1.000 1.000 1.000 1.000 1.000 1.000 1.000 1.000 1.000 0.947 0.885 0.857 0.855 0.855 0.855 0.855 0.855 0.855 0.855 0.855 0.857 0.896 0.932 0.976 1.000 1.000 1.000 1.000 1.000 1.000 1.000 1.000 1.000 1.000 1.000 1.000 1.000 1.000 1.000 1.000 0.998 0.998 0.998 0.998 0.998 0.998 0.998 1.000 1.000 1.000 1.000 1.000 1.000 1.000 1.000 1.000 1.000 1.000 1.000 1.000 1.000 1.000 1.000 1.000 1.000 1.000 1.000 1.000 1.000 1.000 1.000 1.000 1.000 1.000 1.000 1.000 1.000 0.929 0.860 0.807 0.745 0.662 0.644 0.530 0.401 0.401 0.401 0.401 0.401 0.401 0.401 0.401 0.524 0.671 0.801 0.883 0.901 0.901 0.901 0.901 0.901 0.901 0.901 0.901 0.898 0.886 0.840 0.756 0.756 0.756 0.756 0.756 0.756 0.756 0.756 0.769 0.941 1.000 1.000 1.000 1.000 1.000 1.000 1.000 1.000 1.000 1.000 1.000 1.000 1.000 1.000 1.000 1.000 1.000 1.000 1.000 1.000 1.000 1.000 1.000 1.000 1.000 1.000 1.000 0.914 0.843 0.705 0.542 0.365 0.270 0.206 0.206 0.206 0.206 0.206 0.206 0.206 0.206 0.274 0.371 0.431 0.431 0.431 0.431 0.431 0.431 0.431 0.431 0.422 0.417 0.386 0.385 0.385 0.385 0.385 0.385 0.386 0.386 0.386 0.385 0.320 0.319 0.288 0.279 0.279 0.188 0.147 0.134 0.122 0.115 0.115 0.115 0.115 0.115 0.115 0.115 0.115 0.122 0.134 0.145 0.177 0.249 0.386 0.480 0.511 0.526 0.560 0.590 0.648 0.663 0.691 0.852 1.000 1.000 1.000 1.000 1.000 1.000 1.000 1.000 0.997 0.997 0.997 0.997 0.997 0.997 0.997 0.997 1.000 1.000 1.000 1.000 1.000 1.000 1.000 1.000 1.000 1.000 1.000 1.000 0.937 0.937 0.937 0.937 0.937 0.937 0.937 0.937 1.000 1.000 1.000 1.000 1.000 1.000 1.000 1.000 1.000 1.000 0.831 0.680 0.568 0.512 0.512 0.512 0.512 0.512 0.512 0.435 0.421 0.407 0.407 0.430 0.435 0.512 0.512 0.512 0.508 0.453 0.453 0.453 0.453 0.453 0.496 0.508 0.543 0.552 0.649 0.792 0.895 1.000 1.000 1.000 1.000 1.000 1.000 1.000 1.000 0.947 0.835 0.818 0.754 0.752 0.723 0.673 0.673 0.673 0.673 0.673 0.736 0.736 0.736 0.627 0.607 0.587 0.511 0.511 0.511 0.450 0.299 0.168 0.133 0.117 0.117 0.117 0.117 0.117 0.117 0.117 0.117 0.225 0.325 0.389 0.465 0.505 0.505 0.505 0.505 0.505 0.505 0.505 0.548 0.577 0.539 0.505 0.454 0.430 0.390 0.319 0.290 0.290 0.319 0.381 0.430 0.454 0.515 0.472 0.430 0.387 0.381 0.381 0.381 0.381 0.381 0.381 0.380 0.380 0.380 0.373 0.363 0.357 0.357 0.353 0.350 0.350 0.350 0.357 0.357 0.380 0.380 0.419 0.448 0.571 0.641 0.641 0.641 0.641 0.641 0.641 0.651 0.651 0.644 0.641 0.609 0.571 0.537 0.507 0.490 0.483 0.479 0.354 0.276 0.269 0.269 0.269 0.269 0.269 0.269 0.269 0.269 0.276 0.288 0.465 0.642 0.805 0.909 1.000 1.000 1.000 1.000 1.000 1.000 1.000 1.000 1.000 1.000 1.000 0.949 0.894 0.894 0.894 0.894 0.894 0.894 0.894 0.894 0.924 0.959 0.981 0.992 0.992 0.992 0.992 0.992 0.992 0.992 0.992 0.992 0.992 0.911 0.775 0.775 0.775 0.775 0.775 0.775 0.775 0.775 0.868 1.000 1.000 1.000 1.000 1.000 1.000 1.000 1.000 1.000 1.000 1.000 1.000 1.000 1.000 1.000 1.000 1.000 1.000 1.000 1.000 1.000 1.000 1.000 1.000 1.000 1.000 1.000 1.000 1.000 1.000 1.000 1.000 1.000 1.000 0.983 0.941 0.828 0.783 0.750 0.712 0.680 0.672 0.599 0.581 0.581 0.581 0.599 0.672 0.704 0.712 0.750 0.750 0.855 1.000 1.000 1.000 1.000 1.000 1.000 1.000 1.000 1.000 1.000 1.000 1.000 1.000 0.871 0.740 0.658 0.522 0.397 0.372 0.360 0.315 0.306 0.283 0.280 0.254 0.217 0.181 0.175 0.172 0.170 0.160 0.160 0.160 0.160 0.160 0.172 0.175 0.181 0.249 0.249 0.249 0.249 0.249 0.249 0.250 0.250 0.250 0.250 0.250 0.250 0.250 0.250 0.250 0.256 0.318 0.322 0.400 0.400 0.402 0.413 0.446 0.481 0.492 0.507 0.517 0.553 0.517 0.515 0.515 0.515 0.515 0.515 0.515 0.515 0.388 0.309 0.281 0.281 0.281 0.281 0.281 0.281 0.281 0.281 0.362 0.536 0.692 0.858 1.000 1.000 1.000 1.000 1.000 1.000 1.000 1.000 1.000 1.000 1.000 1.000 1.000 1.000 1.000 1.000 0.975 0.950 0.913 0.859 0.859 0.859 0.859 0.859 0.859 0.859 0.822 0.803 0.803 0.803 0.803 0.803 0.859 0.864 0.885 0.910 0.864 0.803 0.791 0.750 0.702 0.689 0.653 0.702 0.750 0.764 0.791 0.764 0.730 0.702 0.653 0.589 0.588 0.588 0.588 0.588 0.450 0.380 0.380 0.380 0.380 0.380 0.380 0.380 0.380 0.563 0.745 0.924 1.000 1.000 1.000 1.000 1.000 1.000 1.000 1.000 1.000 1.000 1.000 1.000 1.000 1.000 1.000 1.000 1.000 1.000 1.000 1.000 1.000 1.000 1.000 1.000 1.000 1.000 1.000 1.000 1.000 1.000 1.000 1.000 1.000 1.000 1.000 1.000 1.000 1.000 1.000 1.000 1.000 1.000 1.000 1.000 1.000 1.000 0.934 0.821 0.821 0.821 0.816 0.805 0.805 0.805 0.805 0.816 0.821 0.821 0.823 0.825 0.834 0.842 0.869 0.870 0.879 0.901 0.912 0.922 0.939 0.955 0.965 0.965 1.000 1.000 1.000 1.000 1.000 1.000 1.000 1.000 1.000 1.000 0.910 0.836 0.835 0.816 0.771 0.761 0.667 0.486 0.323 0.275 0.275 0.275 0.275 0.275 0.275 0.275 0.275 0.357 0.357 0.357 0.357 0.357 0.357 0.357 0.357 0.347 0.318 0.318 0.318 0.318 0.318 0.318 0.318 0.318 0.322 0.349 0.360 0.360 0.375 0.387 0.398 0.398 0.398 0.398 0.390 0.375 0.360 0.360 0.360 0.316 0.316 0.316 0.313 0.313 0.303 0.303 0.303 0.303 0.303 0.311 0.313 0.316 0.320 0.340 0.352 0.375 0.375 0.375 0.375 0.375 0.375 0.377 0.407 0.407 0.407 0.407 0.407 0.407 0.450 0.450 0.450 0.450 0.450 0.460 0.475 0.580 0.595 0.595 0.595 0.595 0.595 0.595 0.619 0.619 0.619 0.641 0.652 0.695 0.699 0.745 0.780 0.818 0.833 0.833 0.892 1.000 1.000 1.000 1.000 1.000 1.000 1.000 1.000 1.000 1.000 1.000 1.000 1.000 1.000 1.000 1.000 1.000 1.000 1.000 1.000 1.000 1.000 1.000 1.000 1.000 1.000 1.000 1.000 1.000 1.000 1.000 1.000 1.000 1.000 1.000 1.000 1.000 1.000 1.000 1.000 1.000 1.000 1.000 1.000 1.000 1.000 1.000 1.000 1.000 1.000 1.000 0.952 0.952 0.952 0.952 0.952 0.952 0.877 0.794 0.701 0.588 0.506 0.424 0.340 0.254 0.192 0.141 0.115 0.105 0.105 0.105 0.105 0.105 0.105 0.105 0.105 0.141 0.201 0.272 0.343 0.380 0.388 0.394 0.397 0.397 0.496 0.626 0.729 0.729 0.729 0.743 0.776 0.821 0.821 0.821 0.821 0.776 0.776 0.776 0.776 0.809 0.809 0.809 0.809 0.809 0.809 0.809 0.809 0.809 0.809 0.809 0.812 0.812 0.809 0.806 0.803 0.803 0.803 0.803 0.789 0.735 0.667 0.628 0.590 0.590 0.590 0.590 0.590 0.590 0.590 0.590 0.702 0.841 1.000 1.000 1.000 1.000 1.000 1.000 1.000 1.000 1.000 0.976 0.946 0.887 0.830 0.830 0.830 0.830 0.830 0.830 0.830 0.830 0.955 1.000 1.000 1.000 1.000 1.000 1.000 1.000 1.000 1.000 1.000 1.000 0.976 0.936 0.885 0.842 0.827 0.788 0.785 0.776 0.752 0.718 0.705 0.703 0.676 0.660 0.625 0.574 0.559 0.552 0.476 0.467 0.441 0.393 0.365 0.365 0.365 0.365 0.365 0.365 0.365 0.365 0.376 0.376 0.376 0.395 0.450 0.463 0.511 0.512 0.597 0.601 0.637 0.637 0.601 0.586 0.586 0.586 0.601 0.645 0.666 0.713 0.713 0.713 0.713 0.713 0.758 0.890 0.937 0.962 0.982 1.000 1.000 1.000 1.000 1.000 1.000 1.000 1.000 1.000 1.000 1.000 1.000 1.000 1.000 1.000 1.000 1.000 1.000 1.000 1.000 1.000 1.000 1.000 1.000 1.000 1.000 1.000 1.000 1.000 1.000 1.000 1.000 1.000 1.000 1.000 1.000 1.000 1.000 1.000 1.000 0.908 0.866 0.817 0.699 0.692 0.688 0.620 0.572 0.568 0.528 0.528 0.528 0.528 0.568 0.583 0.620 0.684 0.688 0.684 0.674 0.675 0.675 0.675 0.675 0.684 0.699 0.699 0.699 0.699 0.699 0.702 0.750 0.849 0.924 0.973 1.000 1.000 1.000 1.000 1.000 1.000 1.000 1.000 1.000 1.000 1.000 1.000 1.000 1.000 1.000 1.000 1.000 1.000 1.000 1.000 0.962 0.901 0.856 0.780 0.727 0.679 0.679 0.679 0.679 0.679 0.679 0.679 0.679 0.840 0.972 0.972 0.972 0.980 0.982 0.991 0.993 1.000 1.000 1.000 1.000 1.000 1.000 1.000 1.000 1.000 1.000 1.000 1.000 1.000 1.000 1.000 1.000 1.000 1.000 1.000 1.000 1.000 1.000 1.000 1.000 1.000 1.000 1.000 1.000 1.000 1.000 1.000 0.920 0.827 0.739 0.647 0.541 0.513 0.510 0.442 0.356 0.327 0.327 0.322 0.295 0.295 0.295 0.295 0.295 0.312 0.322 0.327 0.334 0.392 0.469 0.547 0.615 0.628 0.656 0.661 0.661 0.697 0.700 0.700 0.700 0.700 0.700 0.697 0.663 0.661 0.656 0.584 0.584 0.584 0.584 0.584 0.584 0.567 0.549 0.549 0.567 0.568 0.591 0.655 0.655 0.655 0.655 0.643 0.591 0.568 0.567 0.565 0.545 0.523 0.453 0.396 0.373 0.370 0.370 0.370 0.370 0.370 0.370 0.373 0.396 0.411 0.491 0.533 0.544 0.551 0.590 0.603 0.640 0.737 0.808 0.901 0.998 0.998 0.998 0.998 0.998 0.998 0.998 0.998 0.964 0.803 0.643 0.534 0.513 0.507 0.482 0.482 0.482 0.482 0.482 0.464 0.455 0.445 0.428 0.357 0.317 0.312 0.312 0.312 0.197 0.179 0.176 0.165 0.149 0.149 0.149 0.149 0.149 0.165 0.176 0.179 0.291 0.474 0.655 0.828 1.000 1.000 1.000 1.000 1.000 1.000 1.000 1.000 1.000 1.000 1.000 1.000 1.000 1.000 1.000 1.000 1.000 1.000 1.000 1.000 0.935 0.841 0.703 0.594 0.500 0.500 0.500 0.500 0.500 0.500 0.500 0.500 0.500 0.500 0.500
> tRNA_phe_ecoli
0.921 0.921 0.921 0.921 0.945 0.964 0.982 1.000 1.000 1.000 1.000 1.000 1.000 1.000 1.000 1.000 1.000 1.000 1.000 1.000 1.000 1.000 1.000 1.000 1.000 1.000 1.000 1.000 1.000 1.000 1.000 1.000 1.000 1.000 1.000 1.000 1.000 1.000 1.000 1.000 1.000 0.982 0.981 0.981 0.981 0.981 0.981 0.981 0.981 0.981 1.000 1.000 1.000 1.000 1.000 1.000 1.000 1.000 1.000 1.000 1.000 1.000 1.000 0.982 0.965 0.947 0.928 0.907 0.894 0.842 0.729 0.601 0.462 0.462 0.462 0.462
> M-Box_riboswitch
0.292 0.292 0.292 0.283 0.283 0.275 0.235 0.170 0.166 0.166 0.166 0.166 0.166 0.166 0.166 0.166 0.239 0.359 0.405 0.405 0.405 0.405 0.405 0.405 0.405 0.474 0.478 0.478 0.478 0.478 0.478 0.478 0.506 0.624 0.624 0.624 0.624 0.624 0.624 0.624 0.624 0.579 0.516 0.516 0.516 0.516 0.470 0.469 0.469 0.469 0.470 0.482 0.516 0.537 0.537 0.537 0.537 0.537 0.522 0.522 0.522 0.566 0.567 0.596 0.613 0.613 0.613 0.613 0.638 0.651 0.670 0.703 0.786 0.888 1.000 1.000 1.000 1.000 1.000 1.000 1.000 1.000 1.000 1.000 1.000 1.000 1.000 1.000 1.000 1.000 1.000 1.000 1.000 1.000 1.000 1.000 1.000 0.830 0.651 0.651 0.651 0.651 0.651 0.651 0.651 0.651 0.739 0.817 0.875 0.920 0.951 0.951 0.951 0.951 0.951 0.951 0.951 0.951 0.918 0.789 0.634 0.500 0.366 0.334 0.332 0.332 0.332 0.332 0.332 0.332 0.332 0.334 0.353 0.423 0.520 0.555 0.560 0.560 0.560 0.560 0.560 0.560 0.560 0.555 0.540 0.491 0.491 0.491 0.491 0.480 0.480 0.459 0.454 0.454
> Hepatitis_C_virus_IRES_domain
0.098 0.098 0.098 0.098 0.098 0.098 0.098 0.098 0.098 0.098 0.098 0.101 0.155 0.243 0.306 0.328 0.363 0.491 0.587 0.706 0.864 1.000 1.000 1.000 1.000 1.000 1.000 1.000 1.000 1.000 1.000 1.000 1.000 1.000 0.922 0.802 0.802 0.802 0.802 0.802 0.802 0.802 0.802 0.826 0.871 0.933 1.000 1.000 1.000 1.000 1.000 1.000 1.000 1.000 1.000 1.000 1.000 1.000 1.000 1.000 1.000 1.000 1.000 1.000 1.000 1.000 1.000 1.000 1.000 1.000 1.000 0.999 0.885 0.712 0.532 0.353 0.283 0.283 0.255 0.255 0.220 0.219 0.188 0.184 0.181 0.181 0.140 0.135 0.133 0.132 0.132 0.132 0.132 0.132 0.132 0.133 0.135 0.193 0.320 0.429 0.547 0.663 0.667 0.674 0.675 0.675 0.675 0.675 0.675 0.674 0.674 0.674 0.674 0.674 0.674 0.677 0.677 0.677 0.677 0.697 0.716 0.756 0.760 0.773 0.835 0.844 0.870 0.871 1.000 1.000 1.000 1.000 1.000 1.000 1.000 1.000 1.000 1.000 1.000 1.000 0.913 0.844 0.776 0.681 0.679 0.666 0.658 0.658 0.658 0.658 0.658 0.666 0.679 0.681 0.717 0.800 0.884 0.947 1.000 1.000 1.000 1.000 1.000 1.000 1.000 1.000 1.000 1.000 1.000 1.000 1.000 1.000 0.970 0.814 0.671 0.547 0.422 0.368 0.360 0.347 0.341 0.341 0.341 0.341 0.341 0.347 0.360 0.360 0.429 0.555 0.600 0.601 0.610 0.666 0.682 0.682 0.682 0.682 0.666 0.637 0.601 0.600 0.600 0.637 0.647 0.637 0.556 0.540 0.540 0.540 0.540 0.556 0.601 0.647 0.649 0.694 0.745 0.897 1.000 1.000 1.000 1.000 1.000 1.000 1.000 1.000 1.000 1.000 1.000 1.000 1.000 0.956 0.775 0.592 0.530 0.530 0.530 0.514 0.500 0.500 0.500 0.500 0.500 0.500 0.500 0.500 0.507 0.512 0.514 0.514 0.514 0.514 0.526 0.545 0.665 0.814 0.936 1.000 1.000 1.000 1.000 1.000 1.000 1.000 1.000 1.000 1.000 1.000 1.000 1.000 1.000 1.000 1.000 1.000 1.000 1.000 1.000 1.000 1.000 1.000 1.000 1.000 1.000 1.000 1.000 0.873 0.743 0.624 0.571 0.555 0.529 0.523 0.483 0.399 0.337 0.337 0.337 0.337 0.337 0.337 0.337 0.337 0.436 0.615 0.791 0.943 1.000 1.000 1.000 1.000 1.000 1.000 1.000 1.000 1.000 1.000 1.000 1.000 1.000 0.833 0.704 0.636 0.552 0.487 0.476 0.441 0.335 0.285 0.285 0.285 0.285 0.266 0.241 0.241 0.214 0.214
> ecoli_16S
0.601 0.601 0.601 0.601 0.603 0.608 0.688 0.768 0.847 0.925 1.000 1.000 1.000 1.000 1.000 1.000 1.000 1.000 1.000 1.000 1.000 1.000 1.000 1.000 1.000 0.991 0.991 0.983 0.983 0.974 0.974 0.974 0.961 0.873 0.826 0.826 0.826 0.826 0.810 0.770 0.727 0.702 0.644 0.644 0.644 0.644 0.644 0.568 0.552 0.535 0.499 0.497 0.483 0.405 0.405 0.405 0.479 0.483 0.499 0.522 0.522 0.522 0.522 0.573 0.592 0.611 0.628 0.702 0.706 0.719 0.742 0.782 0.827 0.899 0.968 1.000 1.000 1.000 1.000 1.000 1.000 1.000 1.000 1.000 1.000 1.000 1.000 1.000 1.000 1.000 1.000 1.000 1.000 1.000 1.000 1.000 1.000 1.000 1.000 1.000 1.000 1.000 1.000 1.000 1.000 1.000 1.000 1.000 1.000 1.000 1.000 1.000 1.000 1.000 1.000 1.000 1.000 1.000 1.000 1.000 1.000 1.000 1.000 1.000 1.000 1.000 1.000 1.000 1.000 1.000 1.000 1.000 1.000 1.000 1.000 1.000 0.965 0.936 0.916 0.897 0.888 0.877 0.870 0.849 0.836 0.836 0.836 0.836 0.836 0.836 0.836 0.836 0.876 0.950 1.000 1.000 1.000 1.000 1.000 1.000 1.000 1.000 1.000 1.000 1.000 1.000 1.000 1.000 1.000 1.000 0.974 0.974 0.974 0.974 0.940 0.912 0.856 0.795 0.744 0.716 0.708 0.708 0.680 0.675 0.657 0.657 0.657 0.657 0.675 0.708 0.708 0.708 0.751 0.752 0.759 0.786 0.849 0.903 0.953 1.000 1.000 1.000 1.000 1.000 1.000 1.000 1.000 1.000 1.000 1.000 1.000 1.000 1.000 1.000 1.000 1.000 1.000 0.978 0.959 0.941 0.923 0.903 0.902 0.878 0.815 0.710 0.710 0.710 0.710 0.699 0.662 0.609 0.599 0.599 0.609 0.609 0.609 0.609 0.609 0.609 0.599 0.592 0.592 0.592 0.592 0.592 0.599 0.628 0.642 0.649 0.692 0.766 0.896 1.000 1.000 1.000 1.000 1.000 1.000 1.000 1.000 1.000 1.000 1.000 1.000 1.000 1.000 1.000 1.000 1.000 1.000 1.000 1.000 1.000 1.000 0.989 0.989 0.951 0.950 0.923 0.901 0.901 0.901 0.901 0.901 0.901 0.950 0.950 0.951 1.000 1.000 1.000 1.000 1.000 1.000 1.000 1.000 1.000 1.000 1.000 1.000 1.000 1.000 1.000 1.000 1.000 1.000 1.000 1.000 1.000 0.981 0.981 0.960 0.958 0.943 0.913 0.840 0.686 0.516 0.389 0.282 0.178 0.174 0.174 0.174 0.174 0.174 0.174 0.174 0.174 0.272 0.392 0.451 0.491 0.501 0.512 0.533 0.592 0.719 0.872 0.971 0.971 0.971 0.971 0.971 0.971 0.971 0.971 0.845 0.845 0.845 0.845 0.845 0.845 0.845 0.838 0.827 0.830 0.838 0.856 0.874 0.874 0.874 0.874 0.856 0.838 0.830 0.827 0.813 0.813 0.813 0.813 0.813 0.813 0.813 0.813 0.992 1.000 1.000 1.000 1.000 1.000 1.000 1.000 1.000 0.992 0.823 0.682 0.682 0.682 0.682 0.682 0.682 0.682 0.682 0.732 0.732 0.732 0.732 0.734 0.743 0.743 0.743 0.743 0.732 0.676 0.676 0.676 0.676 0.676 0.676 0.676 0.736 0.743 0.756 0.867 0.953 1.000 1.000 1.000 1.000 1.000 1.000 1.000 1.000 0.932 0.853 0.763 0.680 0.599 0.586 0.580 0.577 0.540 0.540 0.540 0.540 0.540 0.540 0.540 0.540 0.540 0.540 0.540 0.540 0.540 0.593 0.616 0.673 0.691 0.691 0.691 0.691 0.691 0.750 0.883 1.000 1.000 1.000 1.000 1.000 1.000 1.000 1.000 1.000 1.000 1.000 1.000 1.000 1.000 1.000 1.000 1.000 1.000 1.000 0.870 0.710 0.560 0.471 0.471 0.471 0.471 0.471 0.471 0.471 0.471 0.471 0.471 0.471 0.471 0.471 0.471 0.475 0.548 0.556 0.556 0.494 0.475 0.408 0.347 0.322 0.329 0.347 0.408 0.485 0.494 0.556 0.641 0.641 0.641 0.661 0.817 0.933 0.976 1.000 1.000 1.000 1.000 1.000 1.000 1.000 1.000 1.000 1.000 1.000 1.000 1.000 1.000 0.996 0.972 0.796 0.796 0.796 0.796 0.796 0.796 0.796 0.796 0.801 0.837 0.875 0.928 1.000 1.000 1.000 1.000 1.000 1.000 1.000 1.000 1.000 1.000 1.000 1.000 1.000 1.000 1.000 1.000 1.000 1.000 1.000 1.000 1.000 1.000 1.000 1.000 1.000 1.000 1.000 1.000 1.000 1.000 1.000 1.000 1.000 1.000 1.000 1.000 1.000 1.000 1.000 1.000 1.000 1.000 1.000 1.000 1.000 1.000 1.000 1.000 1.000 1.000 1.000 1.000 1.000 1.000 1.000 1.000 1.000 1.000 1.000 0.963 0.872 0.714 0.714 0.714 0.714 0.714 0.714 0.714 0.714 0.780 0.908 1.000 1.000 1.000 1.000 1.000 1.000 1.000 1.000 1.000 1.000 1.000 1.000 1.000 1.000 1.000 1.000 1.000 1.000 1.000 1.000 1.000 1.000 1.000 1.000 0.973 0.944 0.910 0.910 0.910 0.907 0.906 0.894 0.890 0.888 0.878 0.870 0.878 0.890 0.894 0.894 0.894 0.894 0.894 0.960 1.000 1.000 1.000 1.000 1.000 1.000 1.000 1.000 1.000 1.000 1.000 1.000 1.000 1.000 1.000 1.000 1.000 1.000 1.000 1.000 1.000 0.981 0.958 0.921 0.859 0.724 0.582 0.456 0.451 0.435 0.431 0.384 0.382 0.367 0.327 0.318 0.300 0.294 0.253 0.247 0.247 0.247 0.247 0.294 0.300 0.318 0.327 0.330 0.508 0.669 0.827 0.930 0.951 0.951 0.955 0.959 0.959 0.959 0.959 0.959 0.955 0.951 0.951 0.781 0.599 0.417 0.245 0.245 0.245 0.245 0.245 0.245 0.245 0.245 0.310 0.464 0.600 0.600 0.600 0.600 0.600 0.605 0.611 0.621 0.637 0.637 0.637 0.637 0.637 0.637 0.648 0.653 0.661 0.682 0.715 0.719 0.754 0.827 0.827 0.842 0.849 0.870 0.893 0.901 0.958 1.000 1.000 1.000 1.000 1.000 1.000 1.000 1.000 1.000 0.952 0.830 0.662 0.516 0.516 0.516 0.516 0.516 0.516 0.516 0.516 0.694 0.865 1.000 1.000 1.000 1.000 1.000 1.000 1.000 1.000 1.000 1.000 1.000 1.000 1.000 0.879 0.763 0.763 0.763 0.731 0.720 0.634 0.579 0.567 0.501 0.419 0.419 0.419 0.419 0.265 0.265 0.265 0.265 0.265 0.265 0.265 0.265 0.354 0.536 0.713 0.872 0.956 1.000 1.000 1.000 1.000 1.000 1.000 1.000 1.000 1.000 1.000 1.000 1.000 1.000 1.000 1.000 1.000 1.000 1.000 1.000 1.000 1.000 1.000 1.000 1.000 1.000 1.000 1.000 1.000 1.000 1.000 1.000 1.000 1.000 0.825 0.644 0.461 0.279 0.209 0.206 0.196 0.196 0.196 0.196 0.196 0.196 0.206 0.209 0.283 0.419 0.558 0.678 0.731 0.731 0.731 0.731 0.731 0.731 0.731 0.731 0.665 0.536 0.497 0.497 0.497 0.497 0.497 0.497 0.497 0.497 0.678 0.853 1.000 1.000 1.000 1.000 1.000 1.000 1.000 1.000 0.899 0.899 0.899 0.899 0.899 0.899 0.899 0.899 0.952 1.000 1.000 1.000 1.000 1.000 1.000 1.000 1.000 1.000 0.977 0.945 0.940 0.940 0.940 0.940 0.940 0.940 0.940 0.940 0.972 1.000 1.000 1.000 1.000 1.000 1.000 1.000 1.000 1.000 1.000 1.000 1.000 1.000 1.000 1.000 1.000 1.000 1.000 1.000 1.000 1.000 1.000 1.000 1.000 1.000 1.000 1.000 1.000 1.000 1.000 1.000 1.000 1.000 1.000 1.000 1.000 1.000 1.000 1.000 1.000 1.000 0.935 0.855 0.788 0.717 0.661 0.661 0.661 0.642 0.622 0.532 0.530 0.516 0.440 0.412 0.377 0.377 0.412 0.438 0.438 0.438 0.438 0.438 0.438 0.438 0.506 0.544 0.570 0.589 0.624 0.686 0.691 0.724 0.756 0.837 1.000 1.000 1.000 1.000 1.000 1.000 1.000 1.000 1.000 1.000 1.000 1.000 1.000 1.000 0.890 0.743 0.589 0.555 0.555 0.555 0.555 0.555 0.555 0.555 0.555 0.555 0.555 0.555 0.555 0.555 0.555 0.555 0.587 0.637 0.661 0.662 0.673 0.673 0.673 0.673 0.695 0.712 0.744 0.771 0.803 0.824 0.831 0.898 0.898 0.898 0.880 0.880 0.880 0.880 0.898 0.905 0.933 0.933 0.927 0.905 0.880 0.852 0.837 0.824 0.798 0.786 0.743 0.647 0.552 0.529 0.523 0.523 0.523 0.523 0.523 0.523 0.523 0.523 0.682 0.844 1.000 1.000 1.000 1.000 1.000 1.000 1.000 1.000 1.000 1.000 0.887 0.757 0.602 0.573 0.560 0.535 0.461 0.439 0.420 0.368 0.306 0.279 0.279 0.279 0.279 0.279 0.279 0.279 0.279 0.379 0.379 0.379 0.405 0.407 0.478 0.504 0.556 0.559 0.642 0.642 0.582 0.559 0.517 0.517 0.559 0.582 0.598 0.675 0.675 0.675 0.653 0.598 0.582 0.517 0.514 0.514 0.514 0.557 0.598 0.653 0.653 0.583 0.557 0.490 0.463 0.557 0.576 0.583 0.658 0.690 0.718 0.731 0.769 0.769 0.867 1.000 1.000 1.000 1.000 1.000 1.000 1.000 1.000 1.000 1.000 1.000 0.958 0.908 0.851 0.779 0.697 0.681 0.681 0.681 0.681 0.681 0.681 0.681 0.681 0.761 0.804 0.855 0.931 1.000 1.000 1.000 1.000 1.000 1.000 1.000 1.000 1.000 1.000 0.946 0.831 0.709 0.608 0.532 0.517 0.500 0.461 0.461 0.461 0.461 0.442 0.425 0.385 0.373 0.334 0.287 0.287 0.287 0.287 0.325 0.325 0.325 0.325 0.325 0.325 0.325 0.325 0.500 0.661 0.796 0.917 1.000 1.000 1.000 1.000 1.000 1.000 1.000 1.000 1.000 1.000 1.000 0.856 0.683 0.502 0.321 0.314 0.314 0.314 0.314 0.314 0.314 0.314 0.314 0.389 0.461 0.552 0.552 0.552 0.552 0.552 0.558 0.634 0.651 0.673 0.673 0.668 0.634 0.601 0.552 0.521 0.506 0.506 0.506 0.506 0.418 0.344 0.306 0.280 0.280 0.280 0.280 0.280 0.280 0.280 0.280 0.329 0.343 0.343 0.343 0.343 0.343 0.343 0.358 0.437 0.437 0.437 0.437 0.437 0.437 0.437 0.437 0.499 0.606 0.714 0.818 0.910 1.000 1.000 1.000 1.000 1.000 1.000 1.000 1.000 1.000 1.000 1.000 1.000 1.000 1.000 1.000 1.000 1.000 1.000 1.000 0.827 0.646 0.464 0.366 0.349 0.337 0.314 0.300 0.281 0.281 0.258 0.258 0.281 0.300 0.314 0.318 0.337 0.337 0.337 0.438 0.607 0.742 0.856 0.948 1.000 1.000 1.000 1.000 1.000 1.000 1.000 1.000 1.000 1.000 1.000 1.000 1.000 1.000 1.000 1.000 1.000 1.000 1.000 0.904 0.788 0.669 0.653 0.651 0.644 0.639 0.626 0.615 0.604 0.584 0.584 0.584 0.584 0.584 0.584 0.505 0.434 0.337 0.284 0.284 0.284 0.284 0.284 0.284 0.283 0.280 0.280 0.280 0.280 0.280 0.280 0.287 0.298 0.310 0.310 0.298 0.298 0.298 0.310 0.311 0.333 0.335 0.358 0.363 0.453 0.578 0.690 0.785 0.870 0.897 0.921 0.945 0.966 0.982 1.000 1.000 1.000 1.000 1.000 1.000 1.000 1.000 1.000 1.000 1.000 1.000 1.000 1.000 1.000 1.000 1.000 1.000 1.000 0.926 0.852 0.778 0.703 0.604 0.578 0.552 0.526 0.501 0.501 0.501 0.501 0.501 0.501 0.501 0.501 0.501 0.501 0.501 0.501 0.501 0.501 0.501 0.501 0.501 0.501 0.501 0.501 0.501 0.501 0.501 0.501 0.501 0.501 0.501 0.501 0.501 0.501 0.501 0.501 0.501 0.501 0.501 0.501 0.500 0.500 0.499 0.497 0.493 0.483 0.483 0.483 0.483 0.483 0.483 0.483 0.483 0.483 0.493 0.497 0.499 0.500 0.500 0.501 0.501 0.501 0.501 0.501 0.501 0.501 0.501 0.501 0.501 0.501 0.501 0.501 0.501 0.501 0.501 0.501 0.501 0.501 0.501 0.501 0.501 0.501 0.501 0.501 0.501 0.501 0.501 0.501 0.501 0.501 0.501 0.501 0.501 0.501
> hvol_16S
1.000 1.000 1.000 1.000 1.000 1.000 1.000 1.000 1.000 1.000 1.000 1.000 1.000 1.000 1.000 1.000 1.000 1.000 1.000 1.000 0.975 0.954 0.929 0.887 0.852 0.821 0.805 0.799 0.799 0.799 0.799 0.799 0.799 0.799 0.799 0.874 0.874 0.874 0.874 0.874 0.874 0.874 0.874 0.810 0.700 0.632 0.556 0.474 0.466 0.465 0.433 0.409 0.409 0.409 0.409 0.409 0.433 0.465 0.474 0.519 0.699 0.869 1.000 1.000 1.000 1.000 1.000 1.000 1.000 1.000 1.000 1.000 1.000 1.000 1.000 1.000 0.844 0.668 0.544 0.544 0.544 0.524 0.493 0.440 0.411 0.365 0.365 0.365 0.365 0.365 0.378 0.411 0.425 0.425 0.425 0.425 0.425 0.425 0.425 0.425 0.470 0.517 0.530 0.539 0.633 0.639 0.651 0.702 0.702 0.702 0.805 0.806 0.810 0.814 0.814 0.814 0.814 0.814 0.810 0.810 0.810 0.810 0.810 0.818 0.851 0.857 0.867 0.936 0.972 1.000 1.000 1.000 1.000 1.000 1.000 1.000 1.000 1.000 1.000 1.000 1.000 1.000 1.000 1.000 1.000 1.000 1.000 1.000 1.000 1.000 1.000 1.000 1.000 1.000 1.000 0.998 0.952 0.951 0.950 0.950 0.950 0.950 0.811 0.662 0.563 0.444 0.326 0.319 0.319 0.319 0.319 0.319 0.319 0.319 0.319 0.455 0.593 0.658 0.658 0.658 0.658 0.658 0.658 0.658 0.658 0.580 0.579 0.551 0.542 0.542 0.542 0.542 0.542 0.542 0.579 0.579 0.580 0.748 0.897 0.956 1.000 1.000 1.000 1.000 1.000 1.000 1.000 1.000 1.000 1.000 1.000 1.000 1.000 1.000 1.000 1.000 1.000 1.000 1.000 1.000 1.000 0.994 0.972 0.972 0.972 0.972 0.972 0.972 0.972 0.972 0.972 0.972 1.000 1.000 1.000 1.000 1.000 1.000 1.000 1.000 1.000 1.000 1.000 1.000 1.000 1.000 1.000 1.000 1.000 1.000 1.000 1.000 1.000 1.000 1.000 1.000 1.000 1.000 1.000 1.000 1.000 1.000 1.000 1.000 1.000 1.000 1.000 1.000 0.922 0.839 0.746 0.652 0.470 0.367 0.322 0.319 0.292 0.278 0.278 0.278 0.278 0.278 0.284 0.284 0.284 0.284 0.284 0.284 0.303 0.357 0.370 0.371 0.406 0.566 0.734 0.880 1.000 1.000 1.000 1.000 1.000 1.000 1.000 1.000 1.000 1.000 1.000 1.000 1.000 1.000 1.000 1.000 1.000 1.000 1.000 1.000 1.000 1.000 1.000 1.000 1.000 1.000 1.000 1.000 1.000 1.000 0.935 0.862 0.761 0.643 0.609 0.587 0.558 0.552 0.541 0.533 0.526 0.434 0.434 0.434 0.429 0.347 0.337 0.321 0.282 0.282 0.282 0.321 0.347 0.429 0.448 0.459 0.463 0.640 0.822 1.000 1.000 1.000 1.000 1.000 1.000 1.000 1.000 1.000 1.000 0.854 0.688 0.688 0.688 0.688 0.688 0.667 0.641 0.558 0.536 0.516 0.558 0.570 0.641 0.667 0.740 0.746 0.764 0.764 0.764 0.900 1.000 1.000 1.000 1.000 1.000 1.000 1.000 1.000 1.000 1.000 1.000 1.000 1.000 1.000 1.000 1.000 1.000 1.000 1.000 1.000 1.000 1.000 1.000 1.000 1.000 1.000 1.000 1.000 1.000 1.000 1.000 1.000 1.000 1.000 1.000 1.000 1.000 1.000 1.000 1.000 1.000 1.000 1.000 1.000 1.000 0.823 0.641 0.459 0.324 0.309 0.300 0.295 0.288 0.288 0.288 0.288 0.295 0.300 0.301 0.309 0.324 0.349 0.499 0.648 0.789 0.900 1.000 1.000 1.000 1.000 1.000 1.000 1.000 1.000 1.000 0.990 0.958 0.913 0.913 0.913 0.905 0.882 0.850 0.825 0.823 0.821 0.805 0.773 0.772 0.769 0.760 0.749 0.760 0.769 0.769 0.769 0.769 0.769 0.769 0.769 0.885 0.962 1.000 1.000 1.000 1.000 1.000 1.000 1.000 1.000 1.000 1.000 1.000 1.000 1.000 1.000 1.000 1.000 1.000 1.000 1.000 1.000 1.000 1.000 1.000 1.000 1.000 1.000 1.000 1.000 1.000 0.979 0.977 0.977 0.977 0.977 0.977 0.977 0.977 0.977 1.000 1.000 1.000 1.000 1.000 1.000 1.000 1.000 1.000 1.000 1.000 1.000 1.000 1.000 1.000 1.000 1.000 1.000 1.000 1.000 1.000 1.000 1.000 1.000 1.000 1.000 1.000 1.000 1.000 1.000 1.000 1.000 1.000 1.000 1.000 1.000 1.000 1.000 1.000 1.000 1.000 1.000 1.000 1.000 1.000 1.000 1.000 1.000 0.963 0.924 0.870 0.869 0.866 0.864 0.860 0.859 0.858 0.845 0.842 0.831 0.845 0.849 0.858 0.858 0.849 0.829 0.824 0.731 0.727 0.690 0.690 0.712 0.731 0.829 0.839 0.829 0.728 0.712 0.690 0.652 0.652 0.712 0.714 0.728 0.758 0.781 0.781 0.781 0.781 0.781 0.795 0.858 0.894 0.894 0.894 0.909 0.909 0.909 0.909 0.909 0.902 0.894 0.894 0.894 0.894 0.893 0.860 0.855 0.846 0.804 0.795 0.764 0.764 0.764 0.769 0.769 0.769 0.769 0.769 0.755 0.755 0.755 0.755 0.755 0.755 0.755 0.755 0.662 0.526 0.414 0.292 0.292 0.292 0.292 0.292 0.292 0.292 0.292 0.293 0.324 0.340 0.350 0.408 0.453 0.569 0.632 0.632 0.632 0.632 0.632 0.632 0.632 0.632 0.590 0.590 0.583 0.572 0.563 0.513 0.506 0.488 0.474 0.474 0.474 0.474 0.488 0.513 0.513 0.513 0.474 0.472 0.447 0.446 0.436 0.436 0.447 0.472 0.474 0.524 0.524 0.489 0.474 0.472 0.395 0.380 0.380 0.380 0.395 0.474 0.489 0.489 0.489 0.489 0.489 0.490 0.664 0.839 1.000 1.000 1.000 1.000 1.000 1.000 1.000 1.000 1.000 1.000 1.000 1.000 1.000 0.869 0.827 0.827 0.827 0.826 0.758 0.706 0.705 0.630 0.566 0.566 0.566 0.566 0.566 0.533 0.533 0.533 0.533 0.533 0.533 0.533 0.533 0.715 0.897 1.000 1.000 1.000 1.000 1.000 1.000 1.000 1.000 1.000 1.000 1.000 1.000 1.000 1.000 1.000 1.000 1.000 1.000 1.000 1.000 1.000 1.000 1.000 1.000 1.000 1.000 1.000 1.000 1.000 1.000 1.000 1.000 1.000 1.000 1.000 1.000 1.000 1.000 0.882 0.749 0.589 0.446 0.298 0.241 0.216 0.216 0.210 0.210 0.210 0.210 0.210 0.210 0.216 0.216 0.280 0.384 0.463 0.463 0.463 0.463 0.463 0.463 0.463 0.463 0.358 0.327 0.327 0.327 0.327 0.327 0.327 0.327 0.327 0.398 0.554 0.706 0.851 1.000 1.000 1.000 1.000 1.000 1.000 1.000 1.000 1.000 1.000 0.830 0.662 0.525 0.380 0.206 0.194 0.180 0.180 0.180 0.180 0.180 0.180 0.180 0.180 0.182 0.256 0.334 0.438 0.556 0.556 0.556 0.556 0.556 0.556 0.556 0.556 0.556 0.556 0.556 0.556 0.556 0.556 0.556 0.656 0.795 0.948 1.000 1.000 1.000 1.000 1.000 1.000 1.000 1.000 1.000 1.000 1.000 1.000 1.000 1.000 1.000 0.919 0.836 0.800 0.793 0.774 0.752 0.705 0.671 0.666 0.644 0.599 0.516 0.504 0.492 0.484 0.467 0.421 0.413 0.394 0.380 0.380 0.394 0.413 0.421 0.459 0.459 0.459 0.459 0.459 0.459 0.459 0.459 0.526 0.566 0.609 0.674 0.711 0.726 0.711 0.674 0.574 0.566 0.526 0.443 0.443 0.449 0.523 0.523 0.523 0.523 0.523 0.523 0.523 0.523 0.675 0.745 0.816 0.907 1.000 1.000 1.000 1.000 1.000 1.000 1.000 1.000 1.000 0.942 0.877 0.827 0.754 0.754 0.754 0.754 0.754 0.754 0.754 0.754 0.899 1.000 1.000 1.000 1.000 1.000 1.000 1.000 1.000 1.000 1.000 1.000 1.000 1.000 1.000 1.000 1.000 0.886 0.884 0.874 0.866 0.841 0.816 0.805 0.795 0.770 0.672 0.666 0.629 0.602 0.527 0.523 0.480 0.407 0.394 0.360 0.356 0.253 0.188 0.140 0.140 0.140 0.140 0.140 0.140 0.140 0.140 0.318 0.493 0.673 0.848 1.000 1.000 1.000 1.000 1.000 1.000 1.000 1.000 1.000 1.000 0.978 0.902 0.793 0.714 0.663 0.633 0.628 0.624 0.624 0.624 0.624 0.624 0.624 0.624 0.624 0.651 0.665 0.677 0.700 0.718 0.733 0.766 0.813 0.895 0.938 0.962 0.982 1.000 1.000 1.000 1.000 1.000 1.000 1.000 1.000 1.000 1.000 1.000 1.000 1.000 1.000 1.000 1.000 1.000 1.000 1.000 1.000 1.000 1.000 1.000 1.000 1.000 1.000 1.000 1.000 1.000 1.000 1.000 1.000 1.000 1.000 0.975 0.936 0.893 0.827 0.827 0.827 0.827 0.827 0.827 0.827 0.827 0.941 1.000 1.000 1.000 1.000 1.000 1.000 1.000 1.000 1.000 1.000 1.000 0.909 0.794 0.655 0.504 0.428 0.428 0.428 0.428 0.428 0.428 0.428 0.428 0.542 0.542 0.542 0.542 0.552 0.569 0.569 0.569 0.569 0.555 0.552 0.508 0.496 0.496 0.496 0.496 0.508 0.552 0.555 0.578 0.589 0.760 0.760 0.764 0.812 0.814 0.879 0.881 0.931 0.946 0.946 0.932 0.932 0.932 0.932 0.932 0.932 0.943 0.943 0.943 0.943 0.943 0.943 0.943 0.943 0.978 1.000 1.000 1.000 1.000 1.000 1.000 1.000 1.000 1.000 1.000 1.000 1.000 1.000 1.000 1.000 1.000 1.000 1.000 1.000 1.000 1.000 1.000 1.000 1.000 1.000 1.000 1.000 1.000 1.000 1.000 1.000 1.000 1.000 1.000 1.000 1.000 1.000 1.000 1.000 1.000 0.980 0.954 0.925 0.873 0.723 0.571 0.426 0.426 0.413 0.413 0.413 0.413 0.413 0.413 0.413 0.433 0.472 0.619 0.756 0.874 1.000 1.000 1.000 1.000 1.000 1.000 1.000 1.000 1.000 1.000 1.000 1.000 1.000 1.000 1.000 1.000 1.000 1.000 1.000 1.000 1.000 1.000 1.000 1.000 1.000 1.000 1.000 1.000 1.000 1.000 1.000 1.000 1.000 1.000 1.000 1.000 0.833 0.658 0.492 0.335 0.335 0.335 0.335 0.335 0.335 0.335 0.335 0.377 0.503 0.627 0.768 0.820 0.834 0.844 0.857 0.883 0.895 0.923 0.925 0.964 1.000 1.000 1.000 1.000 1.000 1.000 1.000 1.000 1.000 1.000 1.000 1.000 1.000 1.000 1.000 1.000 1.000 1.000 1.000 1.000 1.000 1.000 1.000 1.000 1.000 1.000 1.000 1.000 1.000 1.000 1.000 1.000 1.000 1.000 0.954 0.871 0.713 0.675 0.675 0.675 0.675 0.675 0.675 0.675 0.671 0.671 0.671 0.671 0.671 0.671 0.671 0.671 0.671 0.671 0.671 0.671 0.671 0.671 0.671 0.692 0.769 0.822 0.842 0.848 0.851 0.853 0.857 0.873 0.882 0.922 0.945 0.945 0.945 0.945 0.945 0.945 0.956 0.964 0.981 0.984 0.993 0.993 0.993 0.993 1.000 1.000 1.000 1.000 1.000 1.000 1.000 1.000 1.000 1.000 1.000 1.000 1.000 1.000 0.985 0.985 0.985 0.985 0.985 0.985 0.985 0.985 0.992 1.000 1.000 1.000 1.000 1.000 1.000 1.000 1.000 1.000 1.000 1.000 1.000 1.000 1.000 1.000 1.000 0.951 0.769 0.588 0.417 0.251 0.130 0.130 0.130 0.130 0.130 0.130 0.130 0.130 0.141 0.324 0.507 0.685 0.845 1.000 1.000 1.000 1.000 1.000 1.000 1.000 1.000 1.000 1.000 1.000 1.000 1.000 1.000 1.000 1.000 1.000 1.000 1.000 1.000 0.957 0.882 0.794 0.699 0.601 0.546 0.521 0.510 0.505 0.503 0.502 0.502 0.502 0.502
