> Group_I_intron_Azoarcus_sp
0.757 0.616 0.556 0.536 0.541 0.574 0.659 0.853 0.901 0.911 0.906 0.876 0.749 0.794 0.779 0.685 0.534 0.489 0.516 0.497 0.418 0.482 0.747 0.870 0.889 0.847 0.647 0.339 0.407 0.355 0.281 0.239 0.190 0.199 0.278 0.276 0.191 0.168 0.176 0.225 0.383 0.543 0.672 0.615 0.446 0.324 0.160 0.138 0.211 0.536 0.818 0.879 0.857 0.704 0.505 0.246 0.136 0.125 0.187 0.453 0.782 0.833 0.722 0.444 0.219 0.226 0.214 0.425 0.394 0.487 0.241 0.260 0.289 0.669 0.811 0.755 0.874 0.895 0.868 0.728 0.420 0.277 0.428 0.613 0.685 0.708 0.372 0.446 0.427 0.436 0.765 0.797 0.605 0.424 0.275 0.159 0.177 0.368 0.553 0.713 0.838 0.806 0.545 0.249 0.238 0.217 0.168 0.150 0.250 0.683 0.703 0.864 0.904 0.911 0.902 0.859 0.680 0.428 0.338 0.618 0.775 0.840 0.898 0.912 0.911 0.893 0.820 0.711 0.820 0.893 0.909 0.904 0.869 0.724 0.733 0.612 0.646 0.726 0.790 0.788 0.718 0.624 0.421 0.251 0.343 0.274 0.230 0.170 0.258 0.250 0.139 0.130 0.204 0.238 0.263 0.597 0.785 0.884 0.906 0.901 0.858 0.680 0.261 0.179 0.259 0.353 0.165 0.132 0.184 0.432 0.725 0.850 0.839 0.822 0.778 0.879 0.893 0.855 0.674 0.557 0.421 0.730 0.871 0.904 0.907 0.885 0.790 0.402 0.183 0.152 0.240 0.325 0.485 0.721 0.800 0.822 0.661 0.411 0.312 0.551 0.497 0.797 0.846 0.895 0.895 0.843 0.788 0.884 0.906 0.900 0.852 0.657 0.569 0.531
> Lysine_riboswitch_T_maritime
0.332 0.305 0.328 0.424 0.280 0.173 0.221 0.142 0.166 0.111 0.103 0.126 0.230 0.216 0.429 0.401 0.655 0.815 0.782 0.669 0.619 0.462 0.361 0.244 0.132 0.109 0.130 0.129 0.103 0.110 0.160 0.364 0.418 0.358 0.279 0.230 0.421 0.790 0.876 0.871 0.768 0.329 0.296 0.195 0.163 0.268 0.164 0.199 0.307 0.637 0.848 0.900 0.911 0.905 0.869 0.723 0.679 0.579 0.612 0.399 0.607 0.826 0.852 0.748 0.763 0.683 0.677 0.738 0.678 0.688 0.651 0.664 0.478 0.621 0.790 0.729 0.825 0.893 0.904 0.885 0.793 0.415 0.214 0.235 0.373 0.368 0.349 0.417 0.510 0.551 0.438 0.791 0.868 0.841 0.652 0.569 0.533 0.520 0.522 0.540 0.587 0.693 0.754 0.710 0.811 0.715 0.716 0.866 0.898 0.888 0.810 0.795 0.540 0.522 0.462 0.317 0.240 0.280 0.351 0.264 0.196 0.316 0.255 0.468 0.598 0.736 0.746 0.875 0.907 0.915 0.916 0.912 0.894 0.824 0.721 0.842 0.813 0.852 0.901 0.913 0.913 0.902 0.855 0.666 0.532 0.361 0.575 0.778 0.883 0.907 0.908 0.886 0.790 0.402 0.183 0.152 0.242 0.471 0.619 0.533 0.822 0.892 0.903 0.882 0.782 0.588 0.796 0.774 0.473 0.511 0.557 0.642 0.826 0.827
> SAM_I_riboswitch_T_tengcongensis
0.158 0.107 0.097 0.105 0.148 0.198 0.465 0.806 0.890 0.909 0.909 0.889 0.802 0.652 0.550 0.484 0.407 0.267 0.408 0.570 0.458 0.256 0.327 0.473 0.411 0.368 0.311 0.311 0.256 0.335 0.656 0.746 0.836 0.768 0.598 0.437 0.316 0.148 0.105 0.098 0.111 0.171 0.407 0.519 0.587 0.797 0.778 0.489 0.548 0.723 0.869 0.904 0.909 0.895 0.827 0.553 0.248 0.229 0.455 0.741 0.874 0.907 0.914 0.911 0.895 0.825 0.543 0.222 0.165 0.247 0.474 0.621 0.791 0.884 0.902 0.886 0.798 0.641 0.581 0.577 0.627 0.846 0.899 0.911 0.906 0.876 0.748 0.742 0.615 0.367 0.511 0.751 0.700 0.474 0.729 0.830 0.764 0.879 0.907 0.909 0.889 0.806 0.665 0.444 0.272 0.388 0.426 0.620 0.703 0.751 0.510 0.275 0.339 0.238 0.383 0.447 0.476 0.489
> tRNA_Asp_yeast
0.323 0.171 0.176 0.222 0.245 0.267 0.306 0.398 0.501 0.547 0.569 0.583 0.597 0.622 0.675 0.794 0.845 0.898 0.905 0.884 0.786 0.727 0.653 0.630 0.512 0.483 0.385 0.404 0.558 0.753 0.667 0.697 0.862 0.902 0.907 0.886 0.792 0.744 0.570 0.644 0.635 0.394 0.291 0.230 0.275 0.347 0.391 0.303 0.267 0.250 0.234 0.330 0.506 0.776 0.777 0.698 0.577 0.588 0.471 0.275 0.243 0.207 0.251 0.298 0.280 0.291 0.232 0.280 0.248 0.218 0.278 0.688 0.697 0.790 0.814
> Adenine_riboswitch_V_vulnificus
0.428 0.271 0.270 0.182 0.145 0.109 0.114 0.172 0.407 0.669 0.723 0.449 0.230 0.137 0.139 0.243 0.349 0.429 0.541 0.624 0.476 0.250 0.294 0.702 0.724 0.408 0.253 0.234 0.202 0.127 0.132 0.223 0.430 0.678 0.851 0.878 0.821 0.732 0.632 0.428 0.261 0.241 0.214 0.273 0.248 0.224 0.297 0.572 0.830 0.890 0.889 0.824 0.547 0.391 0.360 0.310 0.316 0.382 0.446 0.554 0.510 0.416 0.205 0.207 0.169 0.164 0.185 0.259 0.346 0.404 0.600
> cyclic_di-GMP_riboswitch
0.501 0.298 0.155 0.144 0.240 0.227 0.317 0.228 0.127 0.106 0.120 0.096 0.090 0.089 0.088 0.088 0.088 0.088 0.088 0.088 0.088 0.088 0.088 0.088 0.088 0.088 0.088 0.088 0.088 0.088 0.088 0.089 0.089 0.092 0.101 0.139 0.286 0.286 0.140 0.104 0.099 0.118 0.096 0.090 0.089 0.088 0.088 0.089 0.089 0.091 0.101 0.136 0.273 0.327 0.337 0.180 0.194 0.406 0.791 0.886 0.910 0.915 0.914 0.904 0.862 0.692 0.300 0.143 0.102 0.092 0.089 0.089 0.088 0.088 0.088 0.088 0.089 0.089 0.091 0.099 0.130 0.138 0.135 0.118 0.162 0.358 0.681 0.623 0.593 0.628 0.751 0.877 0.907 0.914 0.913 0.902 0.853
> Pre-Q1_riboswitch
0.453 0.326 0.160 0.136 0.101 0.092 0.089 0.090 0.093 0.107 0.161 0.369 0.717 0.711 0.549 0.208 0.120 0.099 0.101 0.130 0.246 0.701 0.750 0.507 0.202 0.133 0.150 0.172 0.121 0.136 0.136 0.233 0.631 0.758
> 5domain_23S_rRNA_ecoli
0.500 0.295 0.275 0.565 0.692 0.773 0.767 0.669 0.502 0.418 0.358 0.534 0.823 0.894 0.912 0.916 0.916 0.911 0.891 0.811 0.485 0.372 0.250 0.259 0.277 0.323 0.322 0.530 0.697 0.815 0.743 0.317 0.150 0.112 0.122 0.100 0.101 0.129 0.242 0.128 0.099 0.091 0.091 0.097 0.120 0.210 0.561 0.736 0.779 0.745 0.379 0.164 0.109 0.099 0.109 0.165 0.383 0.205 0.118 0.096 0.090 0.089 0.088 0.088 0.088 0.089 0.090 0.096 0.117 0.096 0.092 0.096 0.115 0.193 0.343 0.595 0.712 0.799 0.672 0.473 0.191 0.124 0.128 0.212 0.555 0.721 0.569 0.545 0.206 0.119 0.096 0.090 0.089 0.088 0.088 0.088 0.088 0.088 0.088 0.088 0.088 0.088 0.088 0.088 0.088 0.089 0.091 0.098 0.126 0.235 0.481 0.189 0.114 0.095 0.090 0.089 0.089 0.089 0.093 0.105 0.154 0.341 0.638 0.694 0.831 0.799 0.525 0.201 0.118 0.098 0.097 0.115 0.190 0.115 0.095 0.090 0.089 0.089 0.090 0.095 0.114 0.188 0.473 0.676 0.809 0.890 0.909 0.907 0.879 0.901 0.887 0.803 0.459 0.184 0.113 0.095 0.090 0.089 0.089 0.090 0.094 0.112 0.178 0.437 0.748 0.747 0.631 0.410 0.213 0.121 0.098 0.097 0.114 0.187 0.471 0.532 0.698 0.816 0.893 0.912 0.916 0.918 0.918 0.918 0.917 0.916 0.908 0.879 0.762 0.523 0.386 0.253 0.133 0.108 0.122 0.205 0.536 0.823 0.894 0.912 0.916 0.918 0.918 0.918 0.918 0.918 0.918 0.918 0.918 0.918 0.918 0.918 0.918 0.918 0.917 0.915 0.908 0.878 0.756 0.263 0.139 0.119 0.161 0.354 0.530 0.666 0.733 0.791 0.786 0.709 0.599 0.636 0.848 0.899 0.908 0.894 0.825 0.543 0.380 0.471 0.625 0.549 0.587 0.629 0.704 0.865 0.905 0.914 0.915 0.909 0.881 0.771 0.683 0.795 0.844 0.747 0.285 0.198 0.182 0.339 0.774 0.882 0.907 0.909 0.892 0.815 0.503 0.412 0.340 0.349 0.331 0.198 0.256 0.323 0.344 0.258 0.308 0.563 0.797 0.797 0.563 0.308 0.258 0.218 0.152 0.206 0.220 0.331 0.403 0.352 0.277 0.229 0.421 0.499 0.658 0.429 0.360 0.387 0.281 0.336 0.354 0.616 0.448 0.326 0.278 0.387 0.499 0.551 0.583 0.484 0.315 0.343 0.457 0.762 0.774 0.520 0.368 0.324 0.347 0.342 0.303 0.313 0.269 0.245 0.218 0.165 0.139 0.211 0.536 0.816 0.874 0.841 0.643 0.485 0.399 0.185 0.159 0.152 0.154 0.168 0.211 0.221 0.206 0.269 0.669 0.826 0.803 0.730 0.644 0.315 0.216 0.332 0.701 0.861 0.896 0.882 0.787 0.396 0.313 0.288 0.191 0.158 0.141 0.228 0.194 0.224 0.232 0.350 0.570 0.777 0.883 0.909 0.915 0.913 0.900 0.848 0.634 0.298 0.180 0.115 0.105 0.128 0.125 0.198 0.349 0.477 0.674 0.801 0.867 0.829 0.603 0.384 0.173 0.133 0.181 0.281 0.760 0.878 0.906 0.906 0.880 0.767 0.312 0.253 0.200 0.218 0.331 0.530 0.554 0.426 0.330 0.441 0.729 0.853 0.846 0.842 0.836 0.664 0.549 0.407 0.403 0.274 0.176 0.125 0.145 0.163 0.207 0.337 0.559 0.495 0.630 0.795 0.887 0.910 0.916 0.917 0.915 0.908 0.877 0.751 0.627 0.668 0.646 0.542 0.547 0.528 0.472 0.597 0.732 0.850 0.831 0.795 0.508 0.318 0.331 0.564 0.644 0.640 0.550 0.575 0.733 0.872 0.906 0.915 0.915 0.909 0.884 0.783 0.590 0.242 0.188 0.190 0.381 0.717 0.866 0.898 0.887 0.809 0.482 0.239 0.255 0.410 0.727 0.871 0.906 0.915 0.917 0.918 0.918 0.918 0.917 0.914 0.903 0.859 0.679 0.424 0.468 0.298 0.311 0.267 0.136 0.106 0.113 0.171 0.154 0.149 0.148 0.152 0.164 0.323 0.568
> Group_I_Intron_T_thermophila
0.523 0.350 0.156 0.107 0.098 0.110 0.168 0.395 0.788 0.886 0.910 0.916 0.917 0.917 0.916 0.909 0.882 0.909 0.915 0.916 0.912 0.896 0.828 0.735 0.754 0.666 0.508 0.558 0.590 0.766 0.837 0.752 0.791 0.875 0.868 0.754 0.510 0.361 0.314 0.215 0.330 0.529 0.688 0.671 0.718 0.863 0.889 0.852 0.670 0.547 0.538 0.363 0.294 0.400 0.380 0.473 0.630 0.561 0.337 0.207 0.162 0.253 0.244 0.129 0.099 0.093 0.095 0.112 0.180 0.183 0.237 0.178 0.280 0.759 0.877 0.904 0.901 0.858 0.835 0.639 0.327 0.383 0.301 0.549 0.630 0.745 0.569 0.226 0.157 0.216 0.529 0.793 0.812 0.628 0.532 0.458 0.356 0.233 0.350 0.363 0.283 0.237 0.305 0.427 0.312 0.146 0.104 0.094 0.097 0.117 0.096 0.091 0.091 0.096 0.117 0.096 0.090 0.089 0.088 0.088 0.089 0.090 0.095 0.116 0.196 0.504 0.749 0.701 0.479 0.452 0.194 0.148 0.214 0.377 0.676 0.593 0.218 0.122 0.097 0.091 0.089 0.089 0.089 0.090 0.096 0.117 0.096 0.090 0.090 0.093 0.105 0.152 0.105 0.093 0.089 0.089 0.088 0.088 0.088 0.088 0.088 0.089 0.089 0.091 0.100 0.134 0.265 0.306 0.162 0.159 0.291 0.476 0.732 0.675 0.556 0.417 0.422 0.316 0.162 0.152 0.265 0.743 0.845 0.805 0.529 0.205 0.125 0.120 0.178 0.168 0.307 0.390 0.211 0.131 0.134 0.122 0.178 0.283 0.311 0.284 0.422 0.729 0.866 0.890 0.855 0.679 0.429 0.218 0.237 0.526 0.767 0.736 0.575 0.405 0.661 0.528 0.353 0.278 0.503 0.534 0.399 0.275 0.443 0.514 0.406 0.172 0.115 0.115 0.167 0.386 0.468 0.339 0.180 0.190 0.145 0.209 0.236 0.382 0.663 0.854 0.899 0.901 0.866 0.713 0.368 0.161 0.108 0.097 0.106 0.151 0.205 0.492 0.569 0.507 0.391 0.281 0.205 0.330 0.415 0.523 0.648 0.691 0.690 0.514 0.284 0.362 0.711 0.700 0.521 0.295 0.388 0.785 0.880 0.892 0.847 0.643 0.327 0.245 0.421 0.484 0.537 0.615 0.717 0.491 0.193 0.119 0.107 0.135 0.261 0.755 0.877 0.908 0.914 0.913 0.900 0.846 0.626 0.433 0.279 0.163 0.188 0.404 0.790 0.886 0.910 0.914 0.910 0.888 0.798 0.867 0.831 0.778 0.639 0.398 0.433 0.792 0.872 0.856 0.710 0.522 0.286 0.362 0.343 0.216 0.306 0.455 0.801 0.882 0.886 0.823 0.545 0.388 0.642 0.668 0.755 0.737 0.716 0.542 0.337 0.221 0.204 0.393 0.595 0.669 0.803 0.728 0.503 0.215 0.170 0.276 0.756 0.871 0.885 0.827 0.853 0.747 0.267 0.155 0.171 0.346 0.633 0.806 0.768 0.635 0.398 0.179 0.143 0.209 0.522 0.640 0.345 0.429 0.465 0.477 0.474 0.258 0.318 0.329 0.411 0.642 0.468 0.208 0.176 0.304 0.372 0.430 0.521 0.709 0.857 0.874 0.798 0.458 0.186 0.119 0.115 0.167 0.382 0.459 0.450 0.212 0.202 0.150 0.212 0.142 0.173 0.374 0.715 0.868 0.905 0.915 0.917 0.916 0.911 0.890 0.807 0.890 0.911 0.916 0.917 0.918 0.918 0.917 0.914 0.902 0.853
> Fluoride_riboswitch_P_syringae
0.853 0.893 0.881 0.786 0.394 0.167 0.109 0.094 0.090 0.090 0.094 0.110 0.173 0.278 0.418 0.722 0.689 0.244 0.132 0.110 0.131 0.241 0.674 0.857 0.902 0.909 0.898 0.841 0.608 0.225 0.130 0.120 0.174 0.156 0.151 0.154 0.169 0.217 0.237 0.246 0.254 0.267 0.590 0.762 0.668 0.352 0.156 0.106 0.093 0.090 0.091 0.096 0.119 0.104 0.122 0.104 0.120 0.099 0.099 0.123 0.221 0.604 0.834 0.880 0.845 0.654
> p546_bl3
0.671 0.370 0.470 0.633 0.828 0.841 0.699 0.767 0.856 0.821 0.581 0.333 0.179 0.192 0.266 0.682 0.859 0.903 0.912 0.908 0.882 0.772 0.331 0.165 0.149 0.137 0.219 0.277 0.508 0.682 0.674 0.472 0.187 0.114 0.095 0.091 0.093 0.104 0.148 0.321 0.582 0.696 0.768 0.748 0.735 0.717 0.677 0.580 0.338 0.193 0.233 0.544 0.676 0.746 0.524 0.819 0.889 0.897 0.859 0.841 0.819 0.766 0.734 0.813 0.699 0.538 0.486 0.626 0.794 0.886 0.908 0.907 0.882 0.909 0.915 0.916 0.912 0.896 0.829 0.559 0.263 0.143 0.134 0.108 0.123 0.105 0.121 0.205 0.536 0.823 0.894 0.911 0.914 0.907 0.874 0.742 0.460 0.241 0.159 0.206 0.215 0.314 0.639 0.848 0.898 0.903 0.873 0.744 0.467 0.258 0.325 0.620 0.662 0.762 0.763 0.785 0.736 0.680 0.568 0.584 0.600 0.500 0.341 0.154 0.106 0.095 0.097 0.117 0.096 0.090 0.089 0.089 0.090 0.095 0.116 0.195 0.503 0.746 0.851 0.823 0.597 0.520 0.659 0.850 0.891 0.872 0.754 0.264 0.143 0.133 0.211 0.155 0.224 0.565 0.735
> TPP_riboswitch_ecoli
0.351 0.156 0.106 0.093 0.089 0.089 0.088 0.088 0.088 0.089 0.090 0.095 0.116 0.195 0.352 0.225 0.203 0.387 0.719 0.867 0.900 0.894 0.834 0.583 0.325 0.287 0.176 0.111 0.096 0.098 0.122 0.111 0.147 0.306 0.708 0.730 0.742 0.441 0.192 0.150 0.222 0.406 0.610 0.568 0.775 0.727 0.315 0.157 0.136 0.208 0.372 0.530 0.649 0.363 0.200 0.122 0.111 0.148 0.190 0.294 0.331 0.327 0.279 0.151 0.147 0.146 0.144 0.141 0.241 0.484 0.192 0.118 0.107 0.134 0.144 0.152 0.169 0.218 0.240
> ecoli_23S
0.505 0.503 0.503 0.506 0.513 0.531 0.570 0.657 0.853 0.901 0.912 0.911 0.895 0.827 0.553 0.248 0.229 0.456 0.592 0.732 0.740 0.625 0.400 0.316 0.292 0.444 0.784 0.843 0.899 0.913 0.915 0.911 0.890 0.804 0.458 0.310 0.224 0.237 0.239 0.233 0.214 0.418 0.653 0.796 0.721 0.252 0.133 0.107 0.121 0.099 0.101 0.128 0.242 0.128 0.099 0.091 0.091 0.095 0.115 0.190 0.483 0.698 0.738 0.657 0.348 0.156 0.107 0.098 0.109 0.165 0.383 0.205 0.118 0.096 0.090 0.089 0.088 0.088 0.088 0.089 0.090 0.096 0.117 0.096 0.092 0.096 0.115 0.192 0.341 0.591 0.703 0.778 0.605 0.444 0.183 0.120 0.122 0.193 0.482 0.695 0.557 0.540 0.205 0.118 0.096 0.090 0.089 0.088 0.088 0.088 0.088 0.088 0.088 0.088 0.088 0.088 0.088 0.088 0.088 0.089 0.091 0.098 0.126 0.235 0.481 0.189 0.114 0.095 0.090 0.089 0.089 0.089 0.092 0.103 0.147 0.317 0.568 0.666 0.823 0.796 0.524 0.201 0.118 0.097 0.095 0.105 0.152 0.105 0.093 0.089 0.089 0.089 0.090 0.094 0.112 0.180 0.445 0.609 0.788 0.885 0.907 0.906 0.879 0.901 0.887 0.803 0.459 0.184 0.113 0.095 0.090 0.089 0.089 0.090 0.093 0.107 0.162 0.373 0.727 0.736 0.619 0.387 0.166 0.109 0.095 0.096 0.114 0.186 0.467 0.523 0.677 0.769 0.881 0.909 0.916 0.917 0.917 0.915 0.908 0.878 0.895 0.862 0.704 0.498 0.376 0.249 0.132 0.107 0.121 0.203 0.529 0.806 0.850 0.901 0.914 0.917 0.918 0.918 0.918 0.918 0.918 0.918 0.918 0.918 0.918 0.918 0.918 0.918 0.917 0.915 0.908 0.878 0.756 0.263 0.138 0.117 0.152 0.321 0.447 0.619 0.684 0.698 0.676 0.596 0.526 0.553 0.827 0.894 0.906 0.892 0.820 0.525 0.339 0.373 0.518 0.485 0.521 0.516 0.601 0.839 0.898 0.912 0.914 0.909 0.881 0.771 0.683 0.795 0.844 0.747 0.285 0.198 0.182 0.339 0.774 0.882 0.907 0.909 0.891 0.812 0.490 0.383 0.275 0.321 0.319 0.194 0.253 0.321 0.339 0.248 0.281 0.487 0.775 0.788 0.559 0.306 0.256 0.215 0.146 0.185 0.163 0.282 0.323 0.317 0.261 0.218 0.397 0.449 0.545 0.348 0.249 0.277 0.222 0.264 0.323 0.604 0.442 0.323 0.274 0.378 0.478 0.505 0.478 0.378 0.274 0.325 0.446 0.751 0.750 0.440 0.311 0.242 0.291 0.270 0.270 0.289 0.236 0.175 0.154 0.144 0.133 0.208 0.531 0.808 0.854 0.771 0.589 0.408 0.366 0.176 0.156 0.150 0.149 0.152 0.164 0.201 0.193 0.246 0.599 0.802 0.784 0.692 0.550 0.232 0.187 0.319 0.696 0.858 0.888 0.856 0.688 0.292 0.254 0.223 0.170 0.150 0.137 0.219 0.173 0.165 0.183 0.251 0.464 0.744 0.875 0.907 0.913 0.909 0.886 0.788 0.608 0.290 0.177 0.114 0.103 0.123 0.111 0.144 0.293 0.376 0.577 0.770 0.858 0.826 0.601 0.383 0.172 0.131 0.174 0.259 0.679 0.858 0.901 0.905 0.879 0.765 0.304 0.234 0.155 0.199 0.317 0.508 0.512 0.332 0.234 0.378 0.652 0.829 0.827 0.805 0.734 0.522 0.410 0.318 0.289 0.188 0.146 0.107 0.108 0.151 0.202 0.335 0.558 0.495 0.629 0.795 0.887 0.910 0.916 0.916 0.911 0.890 0.807 0.668 0.590 0.651 0.637 0.532 0.531 0.494 0.395 0.564 0.716 0.837 0.801 0.710 0.445 0.231 0.264 0.447 0.536 0.591 0.524 0.553 0.699 0.802 0.849 0.900 0.912 0.908 0.884 0.783 0.590 0.242 0.188 0.190 0.381 0.717 0.865 0.897 0.883 0.792 0.415 0.215 0.239 0.383 0.664 0.855 0.902 0.914 0.917 0.918 0.918 0.918 0.917 0.914 0.903 0.859 0.679 0.424 0.468 0.298 0.311 0.267 0.135 0.103 0.102 0.131 0.140 0.141 0.136 0.118 0.159 0.348 0.651 0.851 0.900 0.907 0.890 0.810 0.795 0.718 0.480 0.578 0.672 0.704 0.578 0.302 0.360 0.267 0.196 0.191 0.245 0.433 0.663 0.810 0.758 0.386 0.169 0.122 0.140 0.151 0.287 0.350 0.256 0.172 0.241 0.306 0.427 0.717 0.833 0.785 0.778 0.805 0.890 0.911 0.916 0.917 0.918 0.918 0.918 0.918 0.917 0.914 0.904 0.860 0.685 0.277 0.217 0.377 0.670 0.749 0.832 0.896 0.909 0.902 0.858 0.680 0.427 0.213 0.223 0.209 0.158 0.125 0.165 0.233 0.290 0.275 0.284 0.325 0.438 0.451 0.237 0.156 0.199 0.317 0.387 0.322 0.212 0.312 0.638 0.846 0.893 0.887 0.815 0.509 0.302 0.285 0.303 0.371 0.295 0.153 0.140 0.227 0.435 0.275 0.150 0.145 0.140 0.238 0.331 0.506 0.494 0.419 0.231 0.162 0.229 0.177 0.169 0.311 0.696 0.862 0.902 0.905 0.879 0.765 0.533 0.259 0.152 0.168 0.214 0.504 0.730 0.644 0.603 0.292 0.187 0.141 0.196 0.201 0.161 0.142 0.118 0.152 0.196 0.311 0.493 0.610 0.485 0.433 0.275 0.410 0.700 0.803 0.851 0.767 0.577 0.223 0.143 0.168 0.352 0.516 0.633 0.782 0.849 0.780 0.418 0.232 0.167 0.247 0.221 0.170 0.153 0.147 0.144 0.138 0.232 0.622 0.739 0.558 0.355 0.389 0.424 0.612 0.684 0.582 0.536 0.516 0.507 0.502 0.501 0.500 0.500 0.499 0.499 0.499 0.499 0.499 0.499 0.499 0.499 0.499 0.499 0.499 0.499 0.499 0.499 0.499 0.499 0.499 0.499 0.499 0.499 0.499 0.499 0.499 0.500 0.500 0.501 0.504 0.510 0.524 0.554 0.622 0.774 0.676 0.700 0.862 0.898 0.890 0.822 0.535 0.204 0.118 0.097 0.095 0.107 0.158 0.357 0.683 0.797 0.694 0.542 0.206 0.119 0.098 0.098 0.117 0.096 0.092 0.095 0.113 0.183 0.311 0.507 0.383 0.514 0.741 0.829 0.895 0.907 0.896 0.836 0.591 0.493 0.591 0.836 0.896 0.907 0.895 0.832 0.750 0.542 0.299 0.382 0.329 0.645 0.850 0.901 0.913 0.916 0.913 0.899 0.842 0.779 0.750 0.729 0.698 0.751 0.695 0.596 0.365 0.249 0.393 0.545 0.669 0.853 0.892 0.874 0.762 0.295 0.216 0.352 0.465 0.639 0.848 0.897 0.901 0.866 0.714 0.525 0.437 0.385 0.450 0.424 0.288 0.194 0.286 0.179 0.122 0.132 0.232 0.462 0.603 0.628 0.421 0.245 0.202 0.118 0.096 0.092 0.094 0.108 0.164 0.382 0.606 0.840 0.898 0.911 0.907 0.880 0.768 0.543 0.433 0.477 0.448 0.326 0.163 0.147 0.132 0.100 0.092 0.094 0.106 0.158 0.229 0.284 0.140 0.104 0.100 0.121 0.107 0.130 0.240 0.672 0.853 0.891 0.873 0.755 0.271 0.159 0.179 0.376 0.574 0.627 0.234 0.141 0.151 0.169 0.109 0.095 0.095 0.110 0.172 0.161 0.172 0.218 0.515 0.756 0.712 0.814 0.724 0.737 0.746 0.874 0.902 0.896 0.841 0.612 0.238 0.162 0.112 0.110 0.153 0.331 0.606 0.622 0.538 0.561 0.706 0.694 0.640 0.351 0.176 0.168 0.189 0.270 0.375 0.603 0.838 0.893 0.893 0.839 0.608 0.228 0.138 0.144 0.149 0.159 0.187 0.158 0.145 0.242 0.480 0.798 0.859 0.803 0.502 0.703 0.564 0.261 0.135 0.106 0.114 0.174 0.278 0.570 0.389 0.470 0.745 0.874 0.903 0.898 0.850 0.810 0.834 0.846 0.863 0.904 0.913 0.912 0.898 0.838 0.594 0.500 0.606 0.729 0.718 0.559 0.226 0.165 0.243 0.460 0.457 0.228 0.127 0.105 0.119 0.197 0.229 0.141 0.155 0.303 0.684 0.840 0.838 0.674 0.270 0.206 0.220 0.476 0.192 0.126 0.134 0.236 0.224 0.453 0.740 0.874 0.907 0.915 0.917 0.918 0.918 0.917 0.915 0.907 0.876 0.748 0.477 0.544 0.583 0.623 0.565 0.630 0.730 0.815 0.860 0.791 0.648 0.411 0.458 0.686 0.850 0.868 0.785 0.740 0.567 0.224 0.154 0.206 0.220 0.208 0.158 0.238 0.137 0.135 0.117 0.158 0.217 0.148 0.190 0.295 0.451 0.802 0.889 0.909 0.908 0.885 0.787 0.604 0.281 0.156 0.161 0.187 0.153 0.131 0.192 0.201 0.284 0.554 0.658 0.563 0.311 0.399 0.417 0.378 0.450 0.298 0.199 0.292 0.586 0.731 0.859 0.865 0.759 0.531 0.259 0.277 0.459 0.553 0.495 0.376 0.171 0.134 0.185 0.435 0.732 0.866 0.886 0.838 0.613 0.245 0.179 0.159 0.156 0.285 0.460 0.548 0.481 0.481 0.411 0.477 0.741 0.858 0.850 0.852 0.864 0.905 0.915 0.917 0.918 0.918 0.918 0.917 0.916 0.911 0.891 0.810 0.791 0.707 0.588 0.327 0.289 0.422 0.178 0.120 0.127 0.108 0.130 0.131 0.110 0.134 0.143 0.261 0.285 0.234 0.293 0.283 0.195 0.174 0.313 0.694 0.857 0.886 0.847 0.652 0.639 0.539 0.407 0.412 0.555 0.825 0.886 0.878 0.784 0.389 0.297 0.253 0.213 0.260 0.320 0.600 0.744 0.767 0.814 0.823 0.807 0.744 0.552 0.480 0.594 0.715 0.689 0.483 0.472 0.522 0.398 0.285 0.211 0.220 0.470 0.793 0.851 0.778 0.408 0.209 0.224 0.488 0.679 0.505 0.419 0.356 0.386 0.283 0.216 0.122 0.099 0.100 0.126 0.232 0.469 0.489 0.710 0.766 0.731 0.559 0.211 0.123 0.107 0.130 0.131 0.110 0.133 0.140 0.249 0.257 0.166 0.219 0.374 0.524 0.500 0.281 0.236 0.304 0.426 0.580 0.729 0.743 0.639 0.707 0.864 0.901 0.899 0.854 0.666 0.535 0.628 0.752 0.765 0.800 0.889 0.911 0.916 0.917 0.918 0.918 0.918 0.918 0.918 0.918 0.917 0.914 0.903 0.858 0.677 0.250 0.153 0.177 0.244 0.615 0.842 0.898 0.910 0.904 0.868 0.717 0.378 0.320 0.326 0.401 0.353 0.703 0.852 0.861 0.754 0.654 0.852 0.901 0.912 0.910 0.889 0.803 0.655 0.416 0.613 0.825 0.847 0.726 0.440 0.331 0.579 0.682 0.414 0.178 0.127 0.153 0.310 0.413 0.670 0.845 0.864 0.774 0.711 0.866 0.904 0.910 0.900 0.851 0.647 0.486 0.253 0.294 0.379 0.460 0.596 0.740 0.873 0.904 0.903 0.867 0.717 0.664 0.541 0.528 0.477 0.490 0.438 0.287 0.305 0.263 0.508 0.695 0.711 0.368 0.300 0.278 0.285 0.625 0.706 0.441 0.351 0.351 0.589 0.824 0.862 0.785 0.421 0.235 0.295 0.402 0.521 0.597 0.420 0.391 0.483 0.646 0.723 0.782 0.598 0.563 0.651 0.533 0.379 0.341 0.271 0.350 0.402 0.591 0.782 0.881 0.899 0.876 0.759 0.517 0.496 0.414 0.215 0.238 0.253 0.405 0.434 0.361 0.270 0.203 0.210 0.181 0.200 0.172 0.179 0.230 0.397 0.577 0.750 0.802 0.804 0.583 0.503 0.505 0.319 0.206 0.174 0.300 0.484 0.746 0.868 0.880 0.812 0.510 0.431 0.505 0.665 0.629 0.496 0.299 0.290 0.319 0.559 0.641 0.509 0.322 0.210 0.186 0.214 0.210 0.172 0.168 0.194 0.285 0.568 0.831 0.896 0.913 0.916 0.917 0.914 0.903 0.858 0.677 0.806 0.879 0.871 0.899 0.886 0.804 0.462 0.461 0.637 0.718 0.656 0.372 0.351 0.305 0.443 0.485 0.461 0.351 0.219 0.306 0.335 0.592 0.395 0.212 0.129 0.129 0.104 0.111 0.167 0.388 0.769 0.839 0.898 0.913 0.916 0.914 0.904 0.864 0.701 0.486 0.196 0.129 0.144 0.157 0.184 0.266 0.514 0.708 0.859 0.881 0.827 0.571 0.298 0.355 0.389 0.547 0.546 0.238 0.205 0.249 0.431 0.652 0.658 0.718 0.446 0.227 0.132 0.126 0.195 0.117 0.099 0.102 0.134 0.263 0.417 0.598 0.655 0.509 0.308 0.304 0.237 0.164 0.119 0.134 0.134 0.117 0.156 0.213 0.237 0.380 0.522 0.620 0.616 0.506 0.340 0.393 0.576 0.751 0.808 0.819 0.799 0.724 0.631 0.705 0.865 0.905 0.915 0.917 0.917 0.914 0.903 0.858 0.675 0.243 0.136 0.127 0.193 0.332 0.432 0.568 0.561 0.676 0.857 0.899 0.900 0.861 0.694 0.306 0.156 0.141 0.120 0.163 0.234 0.188 0.199 0.164 0.267 0.282 0.219 0.132 0.132 0.221 0.287 0.393 0.369 0.598 0.830 0.873 0.822 0.742 0.660 0.763 0.879 0.908 0.915 0.915 0.908 0.878 0.756 0.640 0.564 0.333 0.325 0.386 0.446 0.550 0.500 0.653 0.852 0.902 0.914 0.917 0.918 0.917 0.916 0.911 0.890 0.806 0.781 0.794 0.747 0.703 0.625 0.578 0.663 0.805 0.889 0.907 0.901 0.857 0.831 0.891 0.893 0.839 0.606 0.222 0.123 0.099 0.098 0.118 0.202 0.374 0.541 0.677 0.752 0.833 0.897 0.913 0.917 0.918 0.918 0.918 0.918 0.918 0.918 0.918 0.918 0.917 0.913 0.899 0.842 0.612 0.397 0.197 0.198 0.400 0.474 0.613 0.641 0.585 0.395 0.472 0.613 0.773 0.839 0.752 0.671 0.654 0.688 0.676 0.607 0.421 0.384 0.345 0.390 0.438 0.387 0.200 0.216 0.325 0.389 0.580 0.634 0.723 0.492 0.343 0.281 0.250 0.223 0.292 0.292 0.331 0.329 0.154 0.116 0.134 0.247 0.513 0.723 0.781 0.764 0.650 0.291 0.150 0.133 0.203 0.232 0.247 0.260 0.180 0.147 0.225 0.285 0.382 0.341 0.269 0.217 0.255 0.437 0.662 0.805 0.890 0.911 0.916 0.917 0.917 0.915 0.906 0.869 0.722 0.544 0.480 0.481 0.413 0.226 0.275 0.349 0.398 0.454 0.690 0.861 0.903 0.912 0.906 0.874 0.743 0.728 0.820 0.878 0.851 0.681 0.636 0.684 0.860 0.904 0.914 0.917 0.917 0.917 0.914 0.902 0.854 0.661 0.374 0.353 0.308 0.452 0.647 0.753 0.865 0.864 0.890 0.858 0.692 0.306 0.287 0.438 0.630 0.720 0.671 0.558 0.280 0.314 0.556 0.772 0.882 0.909 0.915 0.913 0.901 0.852 0.653 0.500 0.430 0.392 0.358 0.563 0.749 0.812 0.679 0.614 0.437 0.714 0.652 0.695 0.572 0.498 0.365 0.623 0.638 0.566 0.341 0.345 0.318 0.492 0.602 0.594 0.732 0.563 0.639 0.755 0.876 0.904 0.901 0.859 0.683 0.436 0.358 0.375 0.384 0.664 0.855 0.901 0.908 0.892 0.820 0.709 0.564 0.402 0.665 0.842 0.859 0.896 0.885 0.803 0.461 0.190 0.128 0.145 0.161 0.321 0.435 0.449 0.370 0.280 0.221 0.389 0.424 0.351 0.253 0.164 0.213 0.130 0.131 0.216 0.275 0.250 0.228 0.309 0.334 0.191 0.116 0.102 0.114 0.180 0.182 0.233 0.169 0.137 0.198 0.485 0.696 0.851 0.866 0.773 0.868 0.858 0.868 0.773 0.577 0.515 0.544 0.685 0.772 0.882 0.909 0.915 0.915 0.909 0.882 0.908 0.913 0.908 0.882 0.909 0.915 0.915 0.907 0.875 0.885 0.827 0.849 0.878 0.825 0.745 0.664 0.512 0.307 0.298 0.634 0.847 0.900 0.912 0.911 0.894 0.824 0.539 0.369 0.445 0.565 0.671 0.715 0.735 0.749 0.652 0.851 0.900 0.907 0.891 0.814 0.691 0.362 0.435 0.544 0.768 0.881 0.909 0.915 0.916 0.911 0.890 0.806 0.468 0.333 0.277 0.377 0.599 0.828 0.864 0.790 0.759 0.859 0.838 0.649 0.505 0.304 0.167 0.180 0.237 0.288 0.264 0.255 0.253 0.384 0.517 0.602 0.439 0.437 0.594 0.757 0.808 0.816 0.893 0.912 0.916 0.917 0.918 0.917 0.915 0.908 0.876 0.750 0.624 0.526 0.647 0.685 0.797 0.847 0.900 0.914 0.917 0.917 0.914 0.903 0.858 0.831 0.787 0.785 0.824 0.838 0.847 0.859 0.752 0.278 0.179 0.242 0.301 0.298 0.338 0.214 0.303 0.602 0.763 0.820 0.694 0.776 0.775 0.692 0.814 0.891 0.908 0.904 0.870 0.726 0.409 0.390 0.492 0.809 0.883 0.883 0.807 0.677 0.614 0.439 0.425 0.560 0.824 0.880 0.858 0.706 0.770 0.745 0.840 0.784 0.450 0.307 0.352 0.240 0.128 0.100 0.096 0.108 0.163 0.246 0.222 0.176 0.170 0.195 0.171 0.181 0.239 0.185 0.183 0.120 0.120 0.184 0.187 0.246 0.305 0.303 0.351 0.373 0.504 0.579 0.522 0.423 0.469 0.704 0.596 0.632 0.578 0.520 0.419 0.342 0.234 0.239 0.234 0.343 0.162 0.131 0.183 0.430 0.720 0.675 0.572 0.459 0.401 0.215 0.134 0.142 0.145 0.147 0.150 0.158 0.183 0.261 0.499 0.673 0.474 0.194 0.131 0.152 0.183 0.151 0.127 0.180 0.284 0.311 0.397 0.356 0.159 0.112 0.114 0.170 0.264 0.267 0.420 0.331 0.451 0.479 0.575 0.534 0.459 0.298 0.191 0.149 0.114 0.131 0.127 0.200 0.230 0.243 0.252 0.266 0.296 0.258 0.230 0.187 0.198 0.161 0.147 0.134 0.105 0.109 0.157 0.224 0.270 0.337 0.489 0.575 0.390 0.214 0.255 0.439 0.668 0.517 0.318 0.192 0.251 0.617 0.843 0.897 0.905 0.884 0.786 0.602 0.274 0.265 0.404 0.290 0.218 0.123 0.101 0.107 0.150 0.203 0.213 0.191 0.115 0.096 0.093 0.100 0.132 0.146 0.159 0.311 0.711 0.734 0.751 0.660 0.624 0.619 0.640 0.838 0.865 0.785 0.621 0.481 0.412 0.479 0.474 0.394 0.746 0.774 0.718 0.762 0.708 0.624 0.279 0.138 0.102 0.096 0.105 0.149 0.324 0.771 0.881 0.909 0.916 0.917 0.918 0.917 0.916 0.909 0.883 0.777 0.349 0.205 0.148 0.202 0.336 0.562 0.768 0.866 0.856 0.863 0.897 0.887 0.806 0.670 0.460 0.429 0.428 0.321 0.282 0.406 0.680 0.752 0.718 0.313 0.158 0.142 0.121 0.166 0.370 0.714 0.867 0.903 0.906 0.884 0.785 0.597 0.415 0.259 0.246 0.232 0.326 0.496 0.753 0.877 0.906 0.910 0.895 0.828 0.737 0.760 0.798 0.887 0.908 0.906 0.878 0.899 0.877 0.902 0.893 0.830 0.567 0.284 0.318 0.416 0.399 0.392 0.661 0.840 0.856 0.746 0.258 0.133 0.102 0.101 0.125 0.227 0.208 0.153 0.217 0.541 0.823 0.892 0.902 0.876 0.755 0.262 0.138 0.118 0.155 0.208 0.126 0.120 0.176 0.417 0.693 0.777 0.615 0.728 0.824 0.890 0.894 0.847 0.640 0.470 0.362 0.354 0.323 0.357 0.490 0.701 0.862 0.896 0.882 0.790 0.739 0.686 0.583 0.479 0.302 0.184 0.124 0.135 0.131 0.107 0.122 0.207 0.257 0.619 0.844 0.899 0.913 0.916 0.914 0.902 0.854 0.658 0.366 0.200 0.118 0.098 0.098 0.120 0.210 0.267 0.485 0.630 0.678 0.795 0.847 0.900 0.913 0.917 0.916 0.913 0.898 0.837 0.764 0.710 0.625 0.436 0.407 0.512 0.567 0.612 0.550 0.522 0.510 0.506 0.506 0.511 0.523 0.553 0.619 0.767 0.656 0.652 0.753 0.747 0.624 0.389 0.166 0.109 0.096 0.099 0.123 0.116 0.164 0.242 0.211 0.262 0.220 0.153 0.207 0.348 0.329 0.267 0.495 0.812 0.888 0.899 0.869 0.874 0.784 0.397 0.177 0.136 0.188 0.183 0.116 0.106 0.133 0.142 0.258 0.278 0.146 0.132 0.202 0.356 0.230 0.214 0.285 0.543 0.498 0.811 0.885 0.887 0.823 0.548 0.305 0.395 0.356 0.162 0.122 0.148 0.177 0.251 0.471 0.610 0.637 0.442 0.292 0.189 0.263 0.244 0.221 0.174 0.166 0.187 0.148 0.113 0.128 0.224 0.608 0.841 0.898 0.912 0.911 0.894 0.825 0.542 0.220 0.160 0.121 0.148 0.298 0.679 0.660 0.432 0.366 0.402 0.448 0.403 0.370 0.190 0.197 0.406 0.787 0.875 0.871 0.767 0.327 0.159 0.132 0.191 0.461 0.800 0.878 0.871 0.765 0.543 0.286 0.344 0.370 0.659 0.853 0.900 0.906 0.887 0.797 0.432 0.391 0.355 0.296 0.171 0.200 0.441 0.735 0.870 0.896 0.876 0.761 0.526 0.394 0.270 0.173 0.118 0.125 0.205 0.533 0.814 0.871 0.832 0.606 0.392 0.309 0.565 0.346 0.225 0.209 0.407 0.774 0.840 0.757 0.555 0.474 0.575 0.814 0.839 0.858 0.756 0.531 0.262 0.160 0.192 0.290 0.315 0.288 0.189 0.152 0.233 0.440 0.546 0.625 0.474 0.509 0.359 0.445 0.574 0.696 0.773 0.876 0.887 0.834 0.765 0.591 0.266 0.252 0.516 0.590 0.405 0.359 0.158 0.107 0.096 0.102 0.138 0.281 0.222 0.140 0.159 0.197 0.187 0.358 0.650 0.712 0.626 0.279 0.138 0.101 0.092 0.089 0.089 0.092 0.101 0.136 0.272 0.443 0.516 0.410 0.183 0.144 0.105 0.102 0.126 0.228 0.318 0.230 0.131 0.118 0.165 0.372 0.577 0.772 0.710 0.251 0.134 0.113 0.142 0.283 0.470 0.577 0.548 0.359 0.553 0.721 0.861 0.878 0.812 0.811 0.876 0.852 0.688 0.299 0.271 0.545 0.647 0.540 0.255 0.136 0.116 0.153 0.323 0.581 0.693 0.638 0.343 0.158 0.117 0.134 0.245 0.131 0.108 0.125 0.219 0.591 0.672 0.816 0.768 0.743 0.721 0.799 0.821 0.815 0.773 0.640 0.244 0.160 0.208 0.491 0.703 0.865 0.905 0.915 0.917 0.918 0.917 0.916 0.912 0.895 0.824 0.537 0.208 0.128 0.128 0.207 0.533 0.814 0.870 0.828 0.765 0.722 0.661 0.528 0.204 0.123 0.113 0.152 0.325 0.771 0.881 0.908 0.911 0.899 0.842 0.614 0.243 0.173 0.141 0.105 0.103 0.132 0.252 0.720 0.796 0.653 0.417 0.213 0.231 0.360 0.779 0.882 0.906 0.901 0.860 0.686 0.585 0.485 0.575 0.659 0.854 0.902 0.914 0.917 0.916 0.913 0.897 0.835 0.756 0.561 0.609 0.676 0.810 0.891 0.911 0.916 0.917 0.918 0.918 0.917 0.915 0.905 0.868 0.862 0.883 0.828 0.857 0.903 0.914 0.915 0.909 0.884 0.782 0.588 0.394 0.211 0.128 0.125 0.195 0.488 0.568 0.639 0.623 0.636 0.560 0.526 0.511 0.505 0.502 0.500 0.500 0.499 0.499 0.499 0.499 0.499 0.499 0.499 0.499 0.499 0.499 0.499 0.499 0.499 0.499 0.499 0.499 0.499 0.499 0.499 0.499 0.499 0.499 0.499 0.499 0.499 0.499 0.499 0.499 0.499 0.499 0.499 0.499 0.499 0.499 0.499 0.499 0.499 0.499 0.499 0.499 0.499 0.499 0.499 0.499 0.499 0.499 0.499 0.499 0.499
> 5S_rRNA_ecoli
0.184 0.180 0.112 0.094 0.090 0.089 0.090 0.094 0.111 0.177 0.431 0.730 0.864 0.882 0.823 0.555 0.258 0.132 0.101 0.095 0.103 0.141 0.293 0.671 0.814 0.763 0.401 0.202 0.210 0.440 0.436 0.332 0.303 0.618 0.803 0.773 0.882 0.909 0.915 0.913 0.899 0.844 0.787 0.881 0.895 0.857 0.838 0.812 0.852 0.901 0.914 0.916 0.915 0.909 0.881 0.771 0.798 0.602 0.814 0.819 0.793 0.816 0.644 0.649 0.835 0.849 0.725 0.704 0.772 0.583 0.389 0.459 0.714 0.634 0.456 0.332 0.286 0.406 0.406 0.284 0.200 0.188 0.358 0.647 0.833 0.844 0.855 0.882 0.835 0.774 0.414 0.227 0.156 0.212 0.235 0.246 0.255 0.401 0.699 0.806 0.709 0.435 0.471 0.567 0.651 0.657 0.849 0.889 0.866 0.729 0.570 0.246 0.212 0.395 0.189 0.174 0.318 0.540 0.726 0.600
> 5domain_16S_rRNA_ecoli
0.625 0.771 0.662 0.666 0.784 0.665 0.315 0.200 0.279 0.539 0.761 0.707 0.256 0.150 0.163 0.324 0.185 0.221 0.131 0.129 0.206 0.530 0.807 0.852 0.766 0.352 0.354 0.449 0.725 0.675 0.425 0.616 0.828 0.851 0.741 0.485 0.309 0.463 0.677 0.522 0.321 0.464 0.257 0.325 0.466 0.393 0.190 0.178 0.208 0.201 0.150 0.107 0.103 0.131 0.137 0.242 0.669 0.844 0.864 0.773 0.364 0.245 0.132 0.108 0.126 0.221 0.432 0.274 0.150 0.147 0.259 0.277 0.459 0.700 0.765 0.562 0.338 0.209 0.286 0.290 0.631 0.846 0.898 0.907 0.890 0.810 0.484 0.369 0.654 0.839 0.860 0.901 0.904 0.877 0.759 0.277 0.173 0.112 0.099 0.110 0.167 0.391 0.778 0.861 0.829 0.777 0.869 0.860 0.728 0.573 0.669 0.377 0.220 0.166 0.140 0.108 0.117 0.184 0.310 0.253 0.202 0.349 0.473 0.520 0.523 0.351 0.159 0.115 0.125 0.106 0.123 0.212 0.402 0.755 0.792 0.765 0.445 0.181 0.114 0.101 0.113 0.177 0.431 0.576 0.584 0.594 0.748 0.619 0.372 0.522 0.627 0.301 0.321 0.406 0.507 0.423 0.485 0.203 0.151 0.215 0.533 0.806 0.847 0.749 0.286 0.199 0.184 0.345 0.345 0.315 0.343 0.457 0.352 0.224 0.201 0.248 0.594 0.787 0.743 0.361 0.393 0.552 0.424 0.746 0.753 0.459 0.230 0.128 0.109 0.133 0.140 0.249 0.256 0.166 0.109 0.094 0.093 0.101 0.138 0.279 0.462 0.708 0.783 0.784 0.712 0.610 0.226 0.132 0.126 0.197 0.345 0.597 0.714 0.503 0.379 0.369 0.463 0.616 0.789 0.729 0.299 0.245 0.451 0.714 0.641 0.477 0.234 0.126 0.099 0.094 0.102 0.139 0.168 0.357 0.531 0.666 0.608 0.433 0.416 0.419 0.174 0.110 0.094 0.091 0.094 0.107 0.161 0.369 0.173 0.147 0.231 0.606 0.832 0.871 0.815 0.537 0.215 0.147 0.192 0.444 0.750 0.749 0.438 0.179 0.112 0.097 0.101 0.133 0.260 0.755 0.878 0.908 0.915 0.917 0.915 0.908 0.878 0.755 0.261 0.134 0.103 0.104 0.137 0.160 0.326 0.583 0.696 0.456 0.685 0.551 0.652 0.801 0.887 0.902 0.884 0.788 0.845 0.900 0.913 0.917 0.917 0.917 0.915 0.905 0.864 0.702 0.488 0.353 0.446 0.718 0.821 0.744 0.309 0.261 0.354 0.547 0.579 0.666 0.812 0.760 0.602 0.594 0.594 0.738 0.870 0.895 0.872 0.746 0.617 0.647 0.597 0.557 0.637 0.755 0.877 0.908 0.915 0.917 0.917 0.914 0.902 0.852 0.653 0.639 0.798 0.887 0.907 0.902 0.863 0.698 0.319 0.187 0.230 0.541 0.812 0.858 0.784 0.422 0.239 0.305 0.762 0.870 0.875 0.791 0.423 0.515 0.700 0.542 0.352 0.537 0.688 0.481 0.195 0.132 0.152 0.302 0.686 0.844 0.851 0.720 0.562 0.527 0.590 0.659 0.783 0.827 0.697 0.517 0.285 0.234 0.173 0.149 0.242 0.476 0.786 0.829 0.702 0.530 0.462 0.447 0.476 0.432 0.540 0.618 0.594 0.577 0.558 0.522 0.581 0.778 0.878 0.889 0.839 0.781 0.640 0.231 0.126 0.102 0.105 0.145 0.305 0.708 0.730 0.744 0.760 0.792 0.762 0.632 0.230 0.128 0.109 0.131 0.132 0.114 0.147 0.301 0.692 0.861 0.901 0.902 0.869 0.725 0.556 0.209 0.119 0.097 0.091 0.092 0.100 0.132 0.258 0.745 0.854 0.833 0.798 0.705 0.431 0.608 0.798 0.765 0.633 0.230 0.128 0.108 0.130 0.239 0.667 0.843 0.861 0.901 0.904 0.877 0.759 0.277 0.173 0.221 0.245 0.552 0.827 0.894 0.908 0.902 0.858 0.678 0.255 0.166 0.109 0.096 0.098 0.121 0.215 0.282 0.530 0.734 0.634 0.703 0.858 0.882 0.832 0.867 0.800 0.477 0.360 0.633 0.794 0.881 0.888 0.829 0.570 0.295 0.217 0.232 0.358 0.465 0.220 0.215 0.178 0.303 0.655 0.767 0.618 0.347 0.185 0.201 0.291 0.426 0.452 0.389 0.328 0.338
> Group_II_intron_O_iheyensis
0.632 0.471 0.795 0.856 0.796 0.669 0.312 0.318 0.702 0.706 0.680 0.599 0.665 0.789 0.840 0.741 0.638 0.573 0.364 0.541 0.555 0.270 0.289 0.236 0.429 0.384 0.601 0.692 0.737 0.778 0.741 0.704 0.754 0.700 0.470 0.567 0.653 0.788 0.692 0.401 0.538 0.788 0.789 0.544 0.265 0.158 0.182 0.387 0.602 0.825 0.852 0.749 0.649 0.460 0.744 0.721 0.336 0.344 0.762 0.847 0.795 0.483 0.664 0.461 0.578 0.428 0.728 0.699 0.755 0.529 0.821 0.894 0.912 0.916 0.917 0.917 0.915 0.908 0.876 0.890 0.844 0.632 0.707 0.751 0.688 0.433 0.345 0.636 0.687 0.363 0.438 0.683 0.563 0.426 0.178 0.119 0.121 0.191 0.478 0.546 0.319 0.436 0.452 0.802 0.889 0.910 0.914 0.908 0.882 0.772 0.331 0.165 0.150 0.141 0.236 0.638 0.600 0.290 0.184 0.247 0.311 0.319 0.148 0.104 0.092 0.089 0.089 0.088 0.088 0.089 0.090 0.096 0.119 0.209 0.265 0.339 0.659 0.577 0.491 0.193 0.117 0.103 0.119 0.096 0.091 0.089 0.091 0.097 0.122 0.218 0.590 0.669 0.687 0.527 0.468 0.186 0.114 0.097 0.097 0.117 0.096 0.090 0.089 0.089 0.091 0.098 0.126 0.127 0.100 0.098 0.117 0.096 0.090 0.089 0.090 0.095 0.116 0.194 0.498 0.593 0.837 0.897 0.910 0.904 0.868 0.866 0.753 0.508 0.202 0.132 0.148 0.283 0.217 0.125 0.110 0.139 0.273 0.443 0.514 0.406 0.174 0.120 0.130 0.224 0.605 0.835 0.881 0.850 0.670 0.407 0.171 0.111 0.100 0.113 0.176 0.288 0.326 0.192 0.128 0.141 0.259 0.737 0.833 0.767 0.722 0.659 0.652 0.431 0.370 0.162 0.109 0.101 0.120 0.204 0.535 0.821 0.890 0.896 0.853 0.823 0.765 0.604 0.595 0.732 0.851 0.837 0.813 0.751 0.695 0.721 0.607 0.646 0.603 0.711 0.668 0.561 0.575 0.721 0.840 0.806 0.543 0.241 0.217 0.420 0.656 0.803 0.887 0.904 0.890 0.812 0.686 0.635 0.754 0.877 0.908 0.915 0.915 0.907 0.875 0.886 0.830 0.857 0.903 0.914 0.917 0.918 0.918 0.918 0.918 0.917 0.913 0.897 0.833 0.574 0.302 0.363 0.689 0.809 0.729 0.268 0.168 0.212 0.123 0.108 0.132 0.136 0.235 0.468 0.616 0.786 0.721 0.270 0.176 0.128 0.158 0.331 0.601 0.736 0.858 0.857 0.730 0.709 0.780 0.884 0.909 0.916 0.917 0.916 0.911 0.890 0.804 0.882 0.883 0.808 0.487 0.252 0.167 0.226 0.553 0.704 0.815 0.736 0.286 0.207 0.208 0.292 0.758 0.867 0.869 0.768 0.334 0.306 0.628 0.825 0.836 0.683 0.303 0.285 0.593 0.754 0.801 0.634 0.355 0.461 0.483 0.436 0.288 0.447 0.797 0.878 0.872 0.770 0.335 0.309 0.634 0.839 0.875 0.821 0.554 0.258 0.133 0.102 0.099 0.119 0.204 0.536 0.823 0.894 0.912 0.915 0.913 0.901 0.848 0.636 0.599 0.574 0.408 0.671 0.852 0.887 0.855 0.686 0.451 0.678 0.835 0.827 0.635 0.476 0.807 0.886 0.894 0.851
> cdiff_16S
0.699 0.449 0.660 0.486 0.806 0.879 0.869 0.754 0.510 0.620 0.757 0.785 0.569 0.603 0.524 0.258 0.280 0.330 0.610 0.761 0.643 0.431 0.379 0.754 0.803 0.801 0.574 0.334 0.455 0.628 0.573 0.218 0.133 0.137 0.238 0.651 0.804 0.748 0.355 0.373 0.248 0.382 0.250 0.378 0.504 0.574 0.508 0.649 0.834 0.848 0.720 0.565 0.394 0.638 0.780 0.836 0.735 0.746 0.875 0.907 0.915 0.916 0.913 0.898 0.837 0.592 0.345 0.201 0.254 0.207 0.123 0.113 0.151 0.322 0.581 0.693 0.761 0.555 0.471 0.567 0.652 0.659 0.597 0.680 0.583 0.486 0.581 0.816 0.841 0.862 0.770 0.816 0.826 0.815 0.873 0.839 0.799 0.812 0.892 0.911 0.916 0.915 0.908 0.878 0.756 0.264 0.143 0.130 0.199 0.125 0.125 0.197 0.499 0.595 0.222 0.131 0.126 0.197 0.346 0.209 0.280 0.148 0.136 0.111 0.133 0.247 0.696 0.739 0.660 0.768 0.783 0.547 0.429 0.201 0.184 0.217 0.122 0.097 0.091 0.091 0.096 0.117 0.200 0.522 0.650 0.374 0.501 0.302 0.166 0.175 0.114 0.107 0.139 0.277 0.614 0.508 0.608 0.596 0.461 0.645 0.740 0.829 0.895 0.908 0.901 0.855 0.666 0.669 0.253 0.165 0.218 0.143 0.173 0.242 0.308 0.190 0.135 0.172 0.378 0.587 0.659 0.662 0.236 0.127 0.100 0.097 0.111 0.175 0.284 0.246 0.471 0.770 0.785 0.841 0.891 0.884 0.801 0.772 0.882 0.909 0.914 0.912 0.898 0.838 0.768 0.833 0.738 0.500 0.194 0.116 0.095 0.090 0.089 0.088 0.088 0.089 0.090 0.096 0.117 0.097 0.095 0.106 0.155 0.347 0.516 0.636 0.791 0.872 0.857 0.713 0.381 0.467 0.612 0.319 0.379 0.435 0.655 0.482 0.233 0.240 0.136 0.129 0.099 0.091 0.090 0.092 0.102 0.142 0.298 0.262 0.133 0.100 0.092 0.091 0.096 0.119 0.103 0.116 0.186 0.318 0.527 0.428 0.359 0.689 0.812 0.888 0.898 0.866 0.864 0.749 0.756 0.776 0.829 0.861 0.777 0.386 0.295 0.524 0.707 0.729 0.422 0.561 0.829 0.895 0.909 0.904 0.866 0.710 0.645 0.757 0.876 0.901 0.888 0.810 0.488 0.520 0.374 0.340 0.693 0.836 0.819 0.874 0.838 0.896 0.904 0.881 0.909 0.916 0.917 0.917 0.916 0.911 0.889 0.801 0.874 0.856 0.856 0.729 0.437 0.193 0.156 0.246 0.653 0.803 0.742 0.332 0.187 0.220 0.227 0.485 0.669 0.780 0.650 0.429 0.368 0.411 0.335 0.338 0.419 0.525 0.323 0.199 0.268 0.358 0.296 0.168 0.188 0.265 0.681 0.858 0.900 0.901 0.864 0.704 0.631 0.307 0.332 0.317 0.668 0.790 0.840 0.740 0.261 0.143 0.134 0.215 0.560 0.730 0.594 0.463 0.247 0.173 0.251 0.647 0.785 0.844 0.758 0.556 0.736 0.781 0.581 0.518 0.548 0.692 0.484 0.199 0.141 0.182 0.411 0.669 0.843 0.861 0.761 0.544 0.442 0.241 0.295 0.718 0.764 0.717 0.514 0.525 0.214 0.154 0.216 0.250 0.578 0.747 0.794 0.615 0.304 0.338 0.206 0.278 0.268 0.561 0.560 0.262 0.139 0.120 0.162 0.231 0.583 0.774 0.711 0.249 0.130 0.100 0.094 0.100 0.132 0.256 0.739 0.839 0.787 0.885 0.910 0.916 0.917 0.918 0.918 0.917 0.916 0.910 0.885 0.785 0.381 0.414 0.589 0.506 0.368 0.220 0.293 0.298 0.348 0.490 0.567 0.773 0.874 0.882 0.814 0.516 0.319 0.198 0.267 0.676 0.845 0.861 0.899 0.897 0.849 0.644 0.327 0.377 0.287 0.363 0.423 0.638 0.754 0.761 0.787 0.572 0.609 0.802 0.778 0.671 0.757 0.567 0.625 0.585 0.806 0.810 0.876 0.856 0.704 0.506 0.396 0.296 0.241 0.304 0.179 0.219 0.231 0.228 0.206 0.394 0.738 0.751 0.462 0.240 0.275 0.226 0.413 0.626 0.605 0.735 0.853 0.838 0.815 0.756 0.582 0.664 0.803 0.882 0.885 0.816 0.520 0.454 0.298 0.459 0.533 0.712 0.735 0.870 0.897 0.878 0.769 0.324 0.150 0.107 0.104 0.132 0.141 0.256 0.274 0.317 0.425 0.423 0.175 0.111 0.094 0.090 0.089 0.089 0.092 0.102 0.143 0.299 0.143 0.103 0.095 0.100 0.128 0.133 0.226 0.608 0.841 0.897 0.907 0.893 0.823 0.536 0.204 0.119 0.099 0.102 0.132 0.257 0.742 0.848 0.814 0.849 0.747 0.275 0.174 0.117 0.117 0.177 0.423 0.709 0.814 0.728 0.253 0.131 0.099 0.091 0.090 0.093 0.106 0.156 0.224 0.169 0.261 0.138 0.119 0.160 0.115 0.125 0.106 0.123 0.212 0.564 0.742 0.627 0.243 0.166 0.229 0.174 0.275 0.406 0.555 0.683 0.756 0.725 0.799 0.658 0.431 0.244 0.314 0.447 0.486 0.725 0.810 0.849 0.895 0.890 0.825 0.551 0.243 0.217 0.417 0.646 0.656 0.457 0.727 0.673 0.814 0.762 0.728 0.682 0.836 0.825 0.895 0.912 0.915 0.913 0.900 0.845 0.789 0.886 0.909 0.913 0.904 0.863 0.848 0.685 0.457 0.696 0.755 0.709 0.756 0.699 0.727 0.860 0.869 0.778 0.831 0.716 0.572 0.822 0.867 0.807 0.509 0.717 0.602 0.499 0.744 0.690 0.841 0.836 0.664 0.794 0.704 0.432 0.206 0.196 0.136 0.169 0.235 0.590 0.656 0.775 0.806 0.628 0.733 0.709 0.776 0.873 0.873 0.779 0.829 0.710 0.554 0.223 0.158 0.223 0.163 0.239 0.615 0.538 0.430 0.617 0.692 0.723 0.855 0.856 0.727 0.432 0.184 0.131 0.160 0.211 0.127 0.122 0.187 0.456 0.633 0.394 0.172 0.123 0.142 0.270 0.188 0.283 0.177 0.232 0.169 0.254 0.668 0.833 0.829 0.645 0.355 0.453 0.190 0.134 0.167 0.359 0.537 0.681 0.458 0.704 0.607 0.227 0.136 0.139 0.132 0.212 0.159 0.237 0.612 0.842 0.899 0.913 0.917 0.917 0.916 0.912 0.896 0.828 0.554 0.251 0.235 0.208 0.394 0.591 0.790 0.753 0.396 0.337 0.242 0.400 0.431 0.415 0.419 0.175 0.113 0.104 0.127 0.233 0.646 0.794 0.720 0.252 0.132 0.106 0.116 0.183 0.451 0.687 0.561 0.419 0.303 0.240 0.173 0.258 0.677 0.683 0.762 0.744 0.402 0.498 0.812 0.886 0.891 0.837 0.601 0.637 0.847 0.897 0.899 0.859 0.687 0.284 0.234 0.173 0.150 0.133 0.204 0.236 0.154 0.194 0.303 0.471 0.428 0.277 0.420 0.729 0.870 0.903 0.902 0.865 0.707 0.505 0.512 0.469 0.485 0.699 0.859 0.889 0.857 0.689 0.458 0.546 0.609 0.830 0.863 0.786 0.420 0.510 0.689 0.814 0.892 0.910 0.912 0.900 0.846 0.895 0.893 0.835 0.764 0.586 0.548 0.485 0.492 0.438 0.419 0.546 0.645 0.661 0.733 0.679 0.694 0.668 0.835 0.833 0.820 0.776 0.645 0.558 0.590 0.497 0.604 0.725 0.709 0.664 0.551 0.552 0.533 0.479 0.492 0.579 0.533 0.713 0.736 0.872 0.904 0.903 0.869 0.726 0.809 0.847 0.889 0.870 0.888 0.843 0.896 0.899 0.862 0.850 0.697 0.489 0.620 0.647 0.721 0.775 0.746 0.597 0.457 0.793 0.861 0.816 0.552 0.259 0.136 0.113 0.140 0.161 0.325 0.579 0.822 0.861 0.787 0.430 0.395 0.633 0.456 0.186 0.122 0.127 0.208 0.154 0.223 0.561 0.596 0.371 0.540 0.207 0.125 0.119 0.176 0.278 0.756 0.871 0.884 0.825 0.846 0.725 0.436 0.195 0.162 0.266 0.393 0.529 0.771 0.747 0.400 0.214 0.248 0.572 0.734 0.763 0.515 0.210 0.151 0.207 0.127 0.125 0.198 0.127 0.132 0.227 0.306 0.597 0.749 0.782 0.853 0.796 0.480 0.655 0.624 0.347 0.448 0.595 0.490 0.458 0.199 0.157 0.242 0.326 0.367 0.515 0.347 0.158 0.114 0.123 0.204 0.530 0.666 0.418 0.463 0.564 0.650 0.785 0.840 0.889 0.876 0.907 0.915 0.916 0.913 0.901 0.849 0.901 0.913 0.916 0.913 0.901 0.849 0.802 0.812 0.888 0.899 0.868 0.870 0.772 0.350 0.211 0.281 0.150 0.141 0.234 0.629 0.578 0.233 0.169 0.253 0.236 0.477 0.638 0.836 0.860 0.768 0.349 0.212 0.286 0.731 0.801 0.659 0.269 0.214 0.129 0.127 0.201 0.232 0.249 0.163 0.213 0.131 0.134 0.229 0.618 0.553 0.327 0.454 0.359 0.658 0.558 0.698 0.793 0.665 0.596 0.244 0.189 0.313 0.384 0.578 0.633 0.249 0.176 0.148 0.122 0.164 0.122 0.148 0.295 0.499 0.642 0.569 0.624 0.227 0.126 0.105 0.120 0.200 0.236 0.547 0.823 0.887 0.883 0.804 0.470 0.211 0.184 0.207 0.454 0.473 0.553 0.613 0.565 0.642 0.635 0.799 0.746 0.355 0.242 0.378 0.644 0.808 0.766 0.423 0.393 0.233 0.313 0.339 0.598 0.722 0.823 0.891 0.900 0.870 0.732 0.577 0.414 0.688 0.766 0.581 0.234 0.173 0.263 0.372 0.775 0.864 0.844 0.668 0.240 0.132 0.114 0.146 0.300 0.263 0.242 0.482 0.383 0.699 0.654 0.659 0.236 0.126 0.098 0.092 0.092 0.100 0.133 0.260 0.755 0.877 0.905 0.905 0.878 0.759 0.278 0.174 0.227 0.158 0.217 0.147 0.188 0.427 0.707 0.808 0.708 0.429 0.192 0.159 0.257 0.370 0.474 0.232 0.243 0.527 0.765 0.728 0.335 0.205 0.276 0.375 0.768 0.843 0.774 0.402 0.197 0.192 0.380 0.427 0.505 0.256 0.288 0.670 0.644 0.794 0.722 0.263 0.158 0.185 0.399 0.780 0.860 0.825 0.765 0.392 0.179 0.147 0.118 0.148 0.301 0.393 0.619 0.418 0.504 0.811 0.879 0.867 0.743 0.614 0.506 0.343 0.154 0.106 0.097 0.104 0.145 0.185 0.283 0.761 0.879 0.908 0.915 0.917 0.915 0.908 0.878 0.755 0.262 0.136 0.110 0.128 0.227 0.205 0.145 0.191 0.303 0.226 0.379 0.266 0.433 0.496 0.638 0.816 0.799 0.545 0.257 0.259 0.557 0.828 0.893 0.904 0.883 0.783 0.720 0.270 0.178 0.247 0.212 0.391 0.721 0.869 0.906 0.915 0.917 0.917 0.917 0.913 0.897 0.835 0.583 0.323 0.151 0.110 0.114 0.170 0.399 0.648 0.800 0.886 0.902 0.881 0.778 0.578 0.632 0.463 0.471 0.402 0.463 0.441 0.459 0.528 0.560 0.444 0.800 0.888 0.909 0.909 0.890 0.806 0.782 0.492 0.553 0.731 0.772 0.840 0.758 0.340 0.328 0.388 0.449 0.419 0.275 0.164 0.194 0.429 0.422 0.305 0.372 0.165 0.119 0.135 0.248 0.516 0.462 0.323 0.530 0.697 0.696 0.778 0.613 0.319 0.378 0.169 0.124 0.151 0.305 0.403 0.645 0.662 0.260 0.188 0.291 0.323 0.425 0.288 0.457 0.684 0.547 0.789 0.786 0.711 0.730 0.420 0.555 0.669 0.843 0.860 0.758 0.307 0.245 0.444 0.544 0.485 0.357 0.463 0.486 0.442 0.559 0.393 0.236 0.323 0.364 0.388 0.414 0.189 0.160 0.263 0.276 0.611 0.809 0.796 0.546 0.261 0.270 0.592 0.766 0.836 0.749 0.667 0.645 0.540 0.259 0.267 0.294 0.506 0.815 0.891 0.906 0.897 0.839 0.771 0.843 0.769 0.881 0.909 0.915 0.914 0.905 0.866 0.858 0.870 0.783 0.399 0.459 0.301 0.464 0.543 0.594 0.654 0.641 0.400 0.581 0.495 0.406 0.253 0.364 0.199 0.118 0.098 0.100 0.127 0.126 0.203 0.520 0.323 0.472 0.688 0.548 0.521 0.509 0.504 0.501 0.500 0.500 0.499 0.499 0.499
> tRNA_phe_ecoli
0.203 0.118 0.096 0.090 0.089 0.088 0.088 0.088 0.088 0.088 0.089 0.090 0.094 0.111 0.178 0.436 0.588 0.610 0.788 0.732 0.313 0.149 0.113 0.127 0.221 0.123 0.098 0.092 0.095 0.113 0.184 0.459 0.804 0.888 0.906 0.896 0.838 0.770 0.393 0.178 0.142 0.102 0.092 0.090 0.090 0.096 0.117 0.096 0.090 0.089 0.089 0.089 0.090 0.096 0.117 0.096 0.090 0.089 0.088 0.088 0.088 0.088 0.088 0.088 0.088 0.088 0.089 0.089 0.093 0.106 0.155 0.347 0.655 0.733 0.802 0.818
> M-Box_riboswitch
0.685 0.727 0.757 0.685 0.560 0.677 0.858 0.903 0.914 0.916 0.914 0.905 0.866 0.856 0.863 0.898 0.888 0.811 0.493 0.264 0.320 0.445 0.475 0.567 0.518 0.425 0.623 0.844 0.898 0.906 0.888 0.804 0.462 0.190 0.128 0.143 0.270 0.427 0.475 0.316 0.226 0.366 0.494 0.703 0.864 0.901 0.902 0.868 0.720 0.389 0.207 0.236 0.535 0.650 0.686 0.546 0.378 0.327 0.234 0.251 0.270 0.608 0.805 0.786 0.695 0.413 0.289 0.207 0.329 0.411 0.511 0.561 0.466 0.287 0.157 0.158 0.294 0.237 0.291 0.388 0.488 0.664 0.764 0.879 0.907 0.911 0.898 0.840 0.775 0.412 0.220 0.256 0.301 0.282 0.428 0.202 0.189 0.361 0.655 0.850 0.894 0.887 0.810 0.492 0.388 0.288 0.227 0.400 0.446 0.537 0.652 0.690 0.860 0.898 0.894 0.837 0.598 0.427 0.207 0.204 0.410 0.643 0.778 0.667 0.673 0.798 0.861 0.809 0.523 0.607 0.579 0.809 0.822 0.649 0.375 0.231 0.322 0.367 0.677 0.605 0.256 0.214 0.389 0.573 0.285 0.316 0.735 0.795 0.631 0.558 0.525 0.511 0.504 0.502
> Hepatitis_C_virus_IRES_domain
0.842 0.861 0.904 0.914 0.916 0.915 0.909 0.882 0.909 0.915 0.916 0.914 0.901 0.850 0.644 0.477 0.639 0.838 0.866 0.789 0.428 0.250 0.333 0.499 0.753 0.874 0.897 0.874 0.752 0.632 0.547 0.574 0.595 0.495 0.473 0.635 0.576 0.648 0.766 0.623 0.364 0.223 0.309 0.337 0.446 0.459 0.389 0.183 0.160 0.272 0.757 0.877 0.905 0.905 0.876 0.892 0.853 0.667 0.396 0.268 0.166 0.206 0.476 0.528 0.681 0.653 0.548 0.417 0.312 0.397 0.355 0.290 0.394 0.506 0.707 0.864 0.899 0.894 0.834 0.759 0.697 0.717 0.717 0.697 0.759 0.835 0.896 0.909 0.901 0.853 0.817 0.854 0.902 0.914 0.917 0.916 0.911 0.892 0.815 0.501 0.281 0.365 0.301 0.175 0.208 0.325 0.398 0.346 0.265 0.328 0.348 0.340 0.298 0.302 0.355 0.384 0.411 0.322 0.186 0.115 0.099 0.105 0.147 0.313 0.558 0.643 0.514 0.476 0.365 0.240 0.362 0.597 0.836 0.891 0.886 0.813 0.505 0.291 0.391 0.497 0.543 0.562 0.435 0.345 0.341 0.738 0.786 0.596 0.411 0.250 0.224 0.296 0.415 0.420 0.313 0.267 0.240 0.330 0.379 0.422 0.617 0.700 0.745 0.793 0.887 0.910 0.914 0.909 0.883 0.779 0.357 0.357 0.778 0.882 0.903 0.893 0.826 0.730 0.742 0.754 0.778 0.722 0.768 0.838 0.897 0.910 0.906 0.877 0.754 0.497 0.327 0.236 0.387 0.680 0.767 0.763 0.661 0.616 0.729 0.708 0.528 0.451 0.688 0.860 0.899 0.898 0.853 0.820 0.756 0.576 0.650 0.308 0.323 0.723 0.759 0.514 0.365 0.322 0.232 0.250 0.270 0.608 0.806 0.790 0.706 0.713 0.695 0.637 0.617 0.492 0.300 0.430 0.733 0.872 0.906 0.915 0.916 0.914 0.904 0.863 0.695 0.470 0.433 0.430 0.738 0.726 0.699 0.503 0.393 0.547 0.821 0.881 0.864 0.732 0.437 0.192 0.151 0.227 0.420 0.499 0.661 0.623 0.482 0.410 0.790 0.882 0.895 0.859 0.692 0.302 0.148 0.116 0.141 0.274 0.444 0.661 0.796 0.712 0.596 0.490 0.317 0.344 0.339 0.299 0.304 0.361 0.520 0.633 0.652 0.597 0.263 0.239 0.474 0.784 0.824 0.685 0.620 0.447 0.737 0.870 0.896 0.875 0.760 0.287 0.196 0.293 0.322 0.302 0.629 0.832 0.855 0.894 0.881 0.788 0.846 0.762 0.348 0.214 0.293 0.754 0.857 0.836 0.644 0.342 0.418 0.382 0.781 0.873 0.870 0.765 0.793 0.869 0.844 0.660 0.777 0.648
> ecoli_16S
0.505 0.502 0.500 0.499 0.497 0.495 0.489 0.475 0.446 0.380 0.231 0.197 0.354 0.493 0.568 0.502 0.517 0.752 0.857 0.837 0.649 0.357 0.455 0.604 0.825 0.852 0.746 0.810 0.676 0.663 0.762 0.595 0.282 0.167 0.197 0.438 0.729 0.693 0.250 0.143 0.145 0.257 0.153 0.172 0.118 0.124 0.204 0.529 0.806 0.849 0.755 0.310 0.256 0.337 0.664 0.593 0.391 0.600 0.817 0.832 0.676 0.448 0.270 0.380 0.616 0.421 0.258 0.365 0.198 0.226 0.360 0.343 0.161 0.129 0.175 0.151 0.134 0.101 0.094 0.099 0.127 0.238 0.667 0.843 0.862 0.767 0.341 0.192 0.116 0.099 0.106 0.149 0.319 0.189 0.126 0.136 0.242 0.239 0.354 0.573 0.647 0.510 0.319 0.202 0.283 0.286 0.623 0.831 0.855 0.895 0.886 0.805 0.467 0.333 0.556 0.754 0.833 0.894 0.902 0.877 0.758 0.277 0.173 0.112 0.099 0.110 0.167 0.391 0.778 0.860 0.825 0.766 0.840 0.766 0.586 0.404 0.496 0.258 0.177 0.142 0.103 0.094 0.099 0.125 0.228 0.211 0.160 0.243 0.324 0.359 0.375 0.248 0.130 0.099 0.092 0.094 0.107 0.162 0.372 0.724 0.729 0.724 0.372 0.162 0.109 0.098 0.109 0.164 0.380 0.455 0.441 0.467 0.677 0.517 0.308 0.429 0.584 0.274 0.277 0.308 0.393 0.350 0.395 0.179 0.143 0.212 0.532 0.806 0.847 0.748 0.284 0.196 0.175 0.314 0.271 0.251 0.234 0.328 0.250 0.176 0.146 0.225 0.584 0.780 0.730 0.319 0.295 0.448 0.377 0.723 0.722 0.371 0.161 0.108 0.095 0.096 0.112 0.178 0.178 0.112 0.094 0.090 0.091 0.097 0.120 0.212 0.405 0.619 0.720 0.681 0.587 0.495 0.195 0.120 0.110 0.143 0.293 0.499 0.643 0.379 0.246 0.240 0.353 0.570 0.773 0.720 0.286 0.218 0.370 0.648 0.521 0.349 0.156 0.106 0.094 0.092 0.099 0.130 0.140 0.255 0.385 0.516 0.470 0.344 0.305 0.316 0.147 0.104 0.092 0.090 0.092 0.103 0.144 0.303 0.154 0.135 0.208 0.529 0.803 0.839 0.720 0.430 0.184 0.134 0.171 0.375 0.722 0.721 0.371 0.161 0.108 0.096 0.100 0.128 0.239 0.674 0.857 0.903 0.914 0.916 0.912 0.895 0.828 0.734 0.255 0.131 0.100 0.094 0.098 0.123 0.221 0.434 0.543 0.357 0.550 0.453 0.523 0.692 0.809 0.877 0.858 0.710 0.781 0.884 0.909 0.913 0.908 0.880 0.904 0.896 0.841 0.609 0.390 0.303 0.399 0.635 0.767 0.638 0.247 0.169 0.238 0.435 0.528 0.640 0.792 0.717 0.481 0.441 0.440 0.602 0.773 0.847 0.784 0.640 0.537 0.538 0.509 0.429 0.500 0.653 0.852 0.902 0.914 0.916 0.916 0.910 0.885 0.785 0.596 0.555 0.754 0.832 0.891 0.893 0.840 0.611 0.235 0.155 0.198 0.460 0.788 0.846 0.762 0.345 0.206 0.270 0.675 0.840 0.845 0.703 0.361 0.421 0.636 0.439 0.285 0.435 0.624 0.392 0.172 0.125 0.150 0.300 0.683 0.838 0.832 0.651 0.517 0.476 0.498 0.599 0.712 0.794 0.655 0.427 0.237 0.173 0.148 0.126 0.178 0.417 0.690 0.771 0.594 0.422 0.399 0.385 0.369 0.340 0.393 0.450 0.417 0.405 0.406 0.422 0.463 0.687 0.848 0.863 0.763 0.679 0.536 0.204 0.119 0.098 0.098 0.119 0.207 0.547 0.573 0.592 0.618 0.671 0.663 0.587 0.217 0.122 0.097 0.091 0.092 0.101 0.138 0.279 0.625 0.840 0.884 0.857 0.848 0.693 0.481 0.189 0.114 0.095 0.091 0.091 0.098 0.126 0.233 0.649 0.803 0.746 0.692 0.592 0.356 0.503 0.738 0.668 0.531 0.204 0.121 0.106 0.128 0.232 0.640 0.782 0.842 0.896 0.903 0.876 0.757 0.269 0.154 0.166 0.204 0.468 0.805 0.888 0.902 0.881 0.779 0.579 0.215 0.121 0.097 0.091 0.093 0.103 0.143 0.183 0.411 0.667 0.541 0.644 0.788 0.856 0.801 0.803 0.754 0.382 0.301 0.549 0.767 0.872 0.879 0.802 0.469 0.209 0.178 0.191 0.265 0.359 0.174 0.156 0.151 0.269 0.568 0.706 0.507 0.248 0.143 0.144 0.256 0.383 0.373 0.354 0.310 0.458 0.804 0.889 0.910 0.913 0.904 0.864 0.702 0.331 0.345 0.198 0.130 0.142 0.264 0.756 0.877 0.905 0.906 0.881 0.771 0.325 0.151 0.109 0.110 0.156 0.344 0.369 0.248 0.134 0.114 0.147 0.300 0.143 0.102 0.092 0.090 0.091 0.096 0.119 0.103 0.119 0.096 0.090 0.089 0.089 0.090 0.095 0.113 0.183 0.455 0.793 0.861 0.817 0.734 0.643 0.460 0.185 0.115 0.100 0.110 0.167 0.389 0.773 0.847 0.784 0.759 0.630 0.228 0.125 0.099 0.096 0.109 0.165 0.385 0.612 0.721 0.688 0.243 0.128 0.099 0.091 0.090 0.091 0.100 0.133 0.148 0.168 0.109 0.094 0.090 0.089 0.089 0.089 0.093 0.105 0.154 0.341 0.638 0.517 0.199 0.117 0.096 0.091 0.093 0.103 0.146 0.312 0.554 0.634 0.284 0.143 0.117 0.147 0.179 0.259 0.497 0.669 0.772 0.786 0.731 0.665 0.529 0.202 0.118 0.098 0.097 0.113 0.183 0.311 0.674 0.809 0.742 0.545 0.317 0.430 0.712 0.818 0.886 0.886 0.815 0.814 0.776 0.652 0.441 0.684 0.858 0.896 0.886 0.807 0.789 0.518 0.348 0.156 0.108 0.100 0.117 0.193 0.492 0.720 0.791 0.796 0.742 0.560 0.358 0.395 0.722 0.869 0.905 0.913 0.908 0.882 0.909 0.914 0.912 0.898 0.836 0.762 0.706 0.248 0.130 0.100 0.096 0.106 0.155 0.347 0.653 0.554 0.291 0.220 0.371 0.650 0.526 0.209 0.140 0.170 0.362 0.544 0.694 0.496 0.230 0.218 0.438 0.555 0.652 0.543 0.259 0.145 0.141 0.243 0.665 0.834 0.834 0.663 0.237 0.128 0.103 0.110 0.161 0.238 0.612 0.841 0.896 0.903 0.875 0.892 0.854 0.674 0.246 0.145 0.152 0.286 0.630 0.846 0.900 0.913 0.915 0.909 0.884 0.781 0.584 0.227 0.149 0.188 0.422 0.604 0.796 0.764 0.751 0.626 0.227 0.125 0.101 0.105 0.144 0.300 0.693 0.862 0.904 0.914 0.917 0.917 0.916 0.910 0.887 0.794 0.418 0.221 0.135 0.141 0.142 0.249 0.691 0.723 0.422 0.286 0.192 0.162 0.155 0.276 0.315 0.302 0.226 0.134 0.134 0.226 0.604 0.832 0.872 0.819 0.730 0.256 0.136 0.113 0.142 0.166 0.111 0.103 0.126 0.230 0.321 0.366 0.516 0.765 0.737 0.873 0.906 0.914 0.912 0.897 0.836 0.760 0.699 0.776 0.881 0.904 0.896 0.837 0.595 0.355 0.224 0.197 0.236 0.266 0.312 0.303 0.231 0.148 0.178 0.253 0.476 0.622 0.793 0.887 0.909 0.913 0.906 0.873 0.736 0.439 0.193 0.152 0.233 0.604 0.826 0.855 0.756 0.307 0.247 0.451 0.709 0.795 0.659 0.439 0.264 0.240 0.209 0.390 0.720 0.869 0.906 0.914 0.913 0.903 0.857 0.674 0.409 0.173 0.115 0.113 0.163 0.239 0.309 0.323 0.160 0.141 0.225 0.290 0.545 0.767 0.877 0.895 0.864 0.713 0.524 0.287 0.234 0.171 0.256 0.353 0.295 0.171 0.200 0.303 0.624 0.817 0.813 0.600 0.237 0.167 0.239 0.608 0.830 0.866 0.795 0.457 0.317 0.242 0.421 0.776 0.835 0.737 0.872 0.903 0.901 0.860 0.688 0.288 0.244 0.197 0.216 0.327 0.396 0.337 0.357 0.472 0.791 0.844 0.752 0.306 0.248 0.191 0.195 0.398 0.473 0.530 0.821 0.893 0.910 0.908 0.882 0.776 0.570 0.350 0.231 0.224 0.193 0.224 0.508 0.733 0.813 0.701 0.396 0.242 0.212 0.267 0.232 0.444 0.557 0.650 0.666 0.616 0.459 0.210 0.188 0.223 0.234 0.234 0.344 0.551 0.732 0.774 0.558 0.319 0.291 0.435 0.620 0.569 0.372 0.290 0.376 0.457 0.319 0.250 0.186 0.176 0.329 0.750 0.826 0.875 0.836 0.621 0.272 0.246 0.489 0.395 0.309 0.559 0.649 0.786 0.691 0.398 0.391 0.506 0.298 0.152 0.133 0.200 0.348 0.337 0.290 0.412 0.557 0.211 0.124 0.109 0.139 0.273 0.441 0.800 0.889 0.911 0.916 0.917 0.918 0.918 0.918 0.917 0.916 0.908 0.879 0.762 0.287 0.194 0.287 0.761 0.878 0.906 0.906 0.878 0.762 0.290 0.201 0.307 0.475 0.567 0.648 0.775 0.815 0.662 0.259 0.184 0.280 0.750 0.854 0.830 0.890 0.890 0.829 0.852 0.885 0.848 0.657 0.369 0.207 0.137 0.162 0.335 0.474 0.682 0.825 0.789 0.682 0.366 0.315 0.459 0.386 0.314 0.434 0.592 0.623 0.684 0.816 0.758 0.715 0.515 0.263 0.175 0.242 0.610 0.832 0.868 0.804 0.685 0.507 0.417 0.350 0.257 0.177 0.142 0.209 0.368 0.653 0.712 0.745 0.663 0.640 0.791 0.714 0.609 0.658 0.761 0.877 0.901 0.888 0.809 0.483 0.239 0.257 0.177 0.143 0.212 0.248 0.285 0.358 0.411 0.483 0.758 0.742 0.399 0.216 0.254 0.594 0.783 0.728 0.530 0.353 0.408 0.479 0.479 0.543 0.721 0.580 0.286 0.189 0.152 0.235 0.446 0.711 0.803 0.843 0.734 0.614 0.573 0.661 0.803 0.885 0.895 0.856 0.678 0.426 0.472 0.443 0.453 0.511 0.658 0.728 0.786 0.882 0.898 0.870 0.879 0.804 0.673 0.605 0.416 0.513 0.561 0.593 0.634 0.712 0.762 0.830 0.878 0.843 0.646 0.340 0.278 0.245 0.333 0.384 0.718 0.868 0.903 0.906 0.883 0.780 0.582 0.641 0.741 0.837 0.779 0.431 0.266 0.380 0.356 0.310 0.208 0.189 0.226 0.371 0.643 0.810 0.774 0.455 0.198 0.158 0.247 0.340 0.399 0.333 0.342 0.582 0.815 0.838 0.705 0.528 0.716 0.868 0.905 0.912 0.908 0.880 0.766 0.535 0.264 0.163 0.201 0.194 0.381 0.570 0.745 0.797 0.791 0.832 0.856 0.757 0.535 0.542 0.522 0.459 0.449 0.347 0.218 0.186 0.206 0.307 0.468 0.695 0.863 0.904 0.914 0.917 0.917 0.915 0.907 0.872 0.733 0.577 0.413 0.274 0.289 0.343 0.484 0.700 0.864 0.904 0.913 0.912 0.899 0.843 0.615 0.549 0.596 0.652 0.758 0.761 0.665 0.757 0.860 0.845 0.676 0.572 0.460 0.260 0.210 0.127 0.123 0.188 0.461 0.804 0.887 0.901 0.880 0.908 0.914 0.913 0.899 0.842 0.611 0.233 0.151 0.185 0.159 0.264 0.279 0.460 0.554 0.769 0.875 0.887 0.834 0.765 0.717 0.646 0.620 0.491 0.436 0.418 0.422 0.450 0.254 0.326 0.630 0.816 0.803 0.739 0.788 0.772 0.666 0.620 0.734 0.835 0.778 0.634 0.583 0.589 0.658 0.835 0.844 0.853 0.875 0.808 0.691 0.652 0.533 0.639 0.783 0.845 0.764 0.703 0.605 0.522 0.253 0.143 0.140 0.130 0.099 0.092 0.094 0.106 0.157 0.354 0.533 0.675 0.754 0.842 0.782 0.640 0.231 0.127 0.105 0.117 0.188 0.326 0.422 0.465 0.484 0.492 0.496 0.498 0.499 0.499 0.499 0.499 0.499 0.499 0.499 0.499 0.499 0.499 0.499 0.499 0.499 0.499 0.499 0.499 0.499 0.499 0.499 0.499 0.499 0.499 0.499 0.499 0.499 0.499 0.499 0.499 0.499 0.499 0.499 0.499 0.499 0.499 0.499 0.499 0.499 0.499 0.499 0.499 0.499 0.499 0.499 0.499 0.500 0.500 0.501 0.504 0.509 0.522 0.549 0.612 0.752 0.612 0.549 0.522 0.509 0.504 0.501 0.500 0.500 0.499 0.499 0.499 0.499 0.499 0.499 0.499 0.499 0.499 0.499 0.499 0.499 0.499 0.499 0.499 0.499 0.499 0.499 0.499 0.499 0.499 0.499 0.499 0.499 0.499 0.499 0.499 0.499 0.499 0.499 0.499 0.499 0.499 0.499 0.499 0.499
> hvol_16S
0.510 0.513 0.526 0.558 0.630 0.264 0.219 0.399 0.738 0.747 0.447 0.611 0.661 0.643 0.541 0.262 0.153 0.168 0.215 0.506 0.597 0.220 0.125 0.106 0.123 0.213 0.171 0.280 0.187 0.266 0.690 0.712 0.378 0.460 0.185 0.116 0.105 0.126 0.121 0.182 0.440 0.750 0.753 0.453 0.622 0.816 0.811 0.595 0.382 0.573 0.753 0.653 0.315 0.339 0.774 0.881 0.905 0.899 0.852 0.654 0.355 0.174 0.161 0.284 0.208 0.337 0.557 0.755 0.675 0.661 0.578 0.492 0.196 0.126 0.130 0.220 0.288 0.723 0.782 0.876 0.879 0.798 0.877 0.869 0.755 0.275 0.170 0.213 0.499 0.718 0.779 0.593 0.671 0.561 0.572 0.713 0.704 0.661 0.548 0.261 0.146 0.145 0.255 0.527 0.752 0.691 0.442 0.650 0.463 0.185 0.113 0.095 0.091 0.094 0.108 0.164 0.383 0.205 0.119 0.100 0.103 0.139 0.283 0.352 0.395 0.178 0.142 0.102 0.092 0.090 0.090 0.095 0.113 0.183 0.311 0.509 0.518 0.199 0.117 0.096 0.092 0.097 0.119 0.208 0.553 0.720 0.856 0.862 0.751 0.270 0.159 0.181 0.383 0.589 0.534 0.304 0.144 0.103 0.092 0.090 0.091 0.099 0.129 0.246 0.699 0.746 0.496 0.592 0.837 0.898 0.912 0.911 0.896 0.832 0.570 0.564 0.546 0.214 0.140 0.165 0.110 0.101 0.118 0.197 0.230 0.527 0.637 0.656 0.603 0.277 0.273 0.292 0.660 0.788 0.842 0.748 0.294 0.219 0.122 0.097 0.091 0.091 0.097 0.120 0.210 0.399 0.605 0.688 0.601 0.386 0.301 0.264 0.519 0.722 0.774 0.743 0.713 0.309 0.151 0.122 0.161 0.222 0.260 0.610 0.687 0.394 0.523 0.478 0.776 0.797 0.592 0.389 0.194 0.196 0.148 0.106 0.101 0.121 0.212 0.272 0.673 0.834 0.828 0.802 0.723 0.252 0.130 0.099 0.091 0.090 0.091 0.096 0.118 0.205 0.254 0.311 0.761 0.863 0.852 0.703 0.508 0.254 0.157 0.189 0.416 0.676 0.857 0.902 0.909 0.896 0.833 0.858 0.903 0.913 0.913 0.904 0.861 0.689 0.591 0.498 0.754 0.877 0.906 0.908 0.886 0.792 0.413 0.487 0.635 0.816 0.800 0.840 0.729 0.600 0.482 0.292 0.413 0.556 0.415 0.299 0.502 0.799 0.848 0.900 0.913 0.915 0.909 0.882 0.774 0.337 0.310 0.228 0.249 0.168 0.230 0.412 0.762 0.804 0.634 0.350 0.449 0.729 0.848 0.828 0.787 0.674 0.626 0.609 0.612 0.364 0.506 0.593 0.425 0.407 0.404 0.413 0.307 0.532 0.716 0.865 0.894 0.874 0.894 0.863 0.712 0.367 0.430 0.388 0.786 0.885 0.908 0.909 0.890 0.807 0.472 0.342 0.297 0.585 0.725 0.843 0.814 0.746 0.329 0.177 0.191 0.398 0.621 0.732 0.830 0.760 0.706 0.618 0.419 0.250 0.217 0.157 0.225 0.169 0.261 0.370 0.769 0.851 0.800 0.500 0.293 0.142 0.105 0.102 0.128 0.239 0.239 0.503 0.706 0.862 0.894 0.873 0.753 0.260 0.132 0.100 0.091 0.089 0.089 0.092 0.101 0.139 0.169 0.361 0.273 0.212 0.121 0.098 0.096 0.109 0.165 0.254 0.672 0.843 0.859 0.895 0.882 0.788 0.400 0.182 0.148 0.117 0.145 0.171 0.234 0.581 0.767 0.847 0.790 0.886 0.909 0.911 0.897 0.838 0.766 0.830 0.875 0.833 0.878 0.840 0.898 0.910 0.904 0.867 0.716 0.660 0.530 0.502 0.555 0.588 0.764 0.833 0.886 0.872 0.759 0.775 0.822 0.687 0.493 0.797 0.847 0.759 0.330 0.302 0.619 0.807 0.783 0.495 0.558 0.335 0.334 0.410 0.236 0.185 0.307 0.244 0.180 0.280 0.417 0.581 0.479 0.302 0.185 0.240 0.289 0.142 0.107 0.111 0.163 0.371 0.577 0.318 0.273 0.529 0.283 0.345 0.656 0.565 0.718 0.550 0.355 0.264 0.314 0.760 0.859 0.838 0.810 0.846 0.742 0.257 0.132 0.100 0.091 0.090 0.093 0.105 0.153 0.107 0.100 0.116 0.191 0.117 0.101 0.113 0.176 0.170 0.320 0.292 0.437 0.351 0.162 0.125 0.161 0.111 0.107 0.141 0.171 0.365 0.409 0.758 0.794 0.772 0.659 0.466 0.186 0.114 0.097 0.099 0.123 0.221 0.601 0.827 0.860 0.776 0.836 0.737 0.257 0.134 0.107 0.119 0.193 0.120 0.111 0.149 0.313 0.554 0.312 0.146 0.104 0.094 0.096 0.113 0.184 0.195 0.271 0.139 0.111 0.130 0.125 0.195 0.118 0.102 0.115 0.183 0.189 0.383 0.725 0.723 0.372 0.163 0.111 0.108 0.144 0.180 0.398 0.782 0.868 0.850 0.688 0.301 0.277 0.171 0.216 0.232 0.360 0.472 0.649 0.427 0.242 0.189 0.313 0.256 0.208 0.126 0.119 0.176 0.163 0.173 0.347 0.631 0.801 0.754 0.385 0.446 0.551 0.634 0.752 0.760 0.786 0.852 0.788 0.448 0.298 0.329 0.584 0.831 0.886 0.872 0.758 0.519 0.228 0.196 0.116 0.096 0.091 0.092 0.102 0.140 0.290 0.242 0.452 0.568 0.817 0.853 0.901 0.912 0.910 0.891 0.809 0.480 0.643 0.717 0.648 0.758 0.765 0.490 0.298 0.425 0.178 0.118 0.120 0.184 0.189 0.251 0.317 0.333 0.749 0.821 0.711 0.423 0.299 0.496 0.629 0.339 0.287 0.271 0.560 0.684 0.632 0.484 0.408 0.610 0.694 0.736 0.465 0.261 0.209 0.238 0.542 0.808 0.845 0.738 0.483 0.430 0.527 0.454 0.290 0.436 0.479 0.719 0.632 0.832 0.854 0.890 0.868 0.878 0.804 0.476 0.228 0.227 0.474 0.504 0.481 0.808 0.886 0.895 0.855 0.828 0.780 0.452 0.186 0.124 0.134 0.238 0.655 0.814 0.776 0.456 0.200 0.161 0.257 0.136 0.113 0.140 0.159 0.320 0.742 0.810 0.679 0.858 0.903 0.912 0.909 0.886 0.789 0.397 0.173 0.123 0.142 0.156 0.303 0.685 0.673 0.239 0.127 0.098 0.091 0.091 0.096 0.117 0.098 0.098 0.119 0.100 0.106 0.150 0.324 0.769 0.878 0.898 0.874 0.754 0.260 0.133 0.100 0.091 0.089 0.089 0.090 0.094 0.112 0.180 0.182 0.122 0.129 0.220 0.589 0.665 0.799 0.719 0.739 0.872 0.901 0.894 0.834 0.584 0.735 0.870 0.899 0.885 0.797 0.640 0.378 0.380 0.377 0.368 0.211 0.265 0.648 0.603 0.439 0.732 0.862 0.874 0.794 0.762 0.748 0.854 0.833 0.798 0.816 0.639 0.351 0.177 0.173 0.205 0.462 0.788 0.843 0.753 0.310 0.257 0.214 0.389 0.712 0.848 0.843 0.683 0.725 0.870 0.906 0.915 0.916 0.914 0.902 0.855 0.823 0.870 0.817 0.727 0.482 0.436 0.346 0.229 0.346 0.435 0.423 0.436 0.486 0.335 0.542 0.717 0.741 0.765 0.696 0.763 0.734 0.360 0.396 0.562 0.772 0.876 0.890 0.843 0.894 0.893 0.838 0.603 0.376 0.548 0.561 0.282 0.317 0.564 0.655 0.853 0.901 0.913 0.913 0.903 0.857 0.674 0.610 0.567 0.772 0.717 0.812 0.864 0.807 0.813 0.613 0.492 0.305 0.444 0.628 0.710 0.453 0.660 0.482 0.795 0.849 0.768 0.708 0.248 0.130 0.101 0.097 0.113 0.182 0.452 0.784 0.839 0.741 0.266 0.155 0.171 0.113 0.106 0.135 0.261 0.754 0.876 0.902 0.894 0.834 0.759 0.351 0.355 0.454 0.465 0.258 0.328 0.354 0.476 0.804 0.879 0.872 0.766 0.320 0.274 0.146 0.134 0.210 0.383 0.418 0.341 0.638 0.697 0.837 0.819 0.597 0.221 0.125 0.106 0.123 0.213 0.170 0.276 0.759 0.878 0.908 0.914 0.911 0.894 0.821 0.525 0.463 0.575 0.682 0.735 0.781 0.581 0.216 0.124 0.105 0.121 0.103 0.115 0.183 0.453 0.787 0.845 0.763 0.351 0.220 0.188 0.335 0.576 0.671 0.828 0.808 0.851 0.901 0.914 0.916 0.915 0.908 0.879 0.898 0.876 0.759 0.281 0.183 0.251 0.634 0.753 0.876 0.903 0.896 0.840 0.609 0.390 0.182 0.158 0.264 0.393 0.663 0.544 0.396 0.258 0.260 0.404 0.565 0.711 0.823 0.758 0.705 0.253 0.144 0.144 0.253 0.375 0.491 0.412 0.214 0.121 0.097 0.091 0.092 0.099 0.128 0.242 0.130 0.106 0.118 0.191 0.115 0.097 0.098 0.118 0.098 0.100 0.125 0.227 0.625 0.748 0.755 0.776 0.536 0.256 0.141 0.131 0.100 0.094 0.099 0.126 0.124 0.194 0.214 0.468 0.501 0.198 0.126 0.129 0.108 0.129 0.125 0.195 0.216 0.476 0.519 0.657 0.718 0.446 0.229 0.135 0.134 0.226 0.605 0.522 0.655 0.838 0.855 0.743 0.626 0.237 0.150 0.179 0.385 0.455 0.576 0.691 0.759 0.841 0.773 0.734 0.805 0.828 0.676 0.291 0.259 0.237 0.472 0.625 0.353 0.328 0.259 0.468 0.746 0.720 0.329 0.196 0.251 0.614 0.835 0.877 0.833 0.877 0.836 0.616 0.258 0.211 0.377 0.541 0.822 0.887 0.886 0.816 0.516 0.444 0.275 0.266 0.273 0.196 0.308 0.483 0.586 0.834 0.892 0.892 0.835 0.869 0.803 0.487 0.255 0.177 0.143 0.212 0.532 0.664 0.852 0.893 0.881 0.788 0.400 0.180 0.144 0.107 0.110 0.156 0.346 0.650 0.849 0.892 0.881 0.790 0.410 0.203 0.205 0.166 0.270 0.165 0.203 0.463 0.498 0.196 0.120 0.110 0.145 0.299 0.517 0.685 0.673 0.239 0.127 0.099 0.094 0.100 0.131 0.143 0.263 0.749 0.861 0.856 0.719 0.807 0.691 0.371 0.458 0.731 0.685 0.589 0.632 0.230 0.128 0.110 0.135 0.256 0.395 0.544 0.533 0.487 0.635 0.562 0.475 0.720 0.639 0.599 0.705 0.776 0.595 0.562 0.225 0.160 0.116 0.129 0.224 0.608 0.841 0.899 0.913 0.916 0.915 0.908 0.878 0.755 0.261 0.133 0.102 0.100 0.124 0.221 0.603 0.833 0.876 0.832 0.876 0.835 0.883 0.857 0.698 0.621 0.705 0.445 0.644 0.625 0.506 0.473 0.624 0.802 0.764 0.748 0.737 0.600 0.329 0.152 0.110 0.113 0.167 0.256 0.679 0.858 0.902 0.911 0.905 0.868 0.865 0.750 0.260 0.134 0.105 0.111 0.164 0.135 0.196 0.209 0.446 0.737 0.871 0.901 0.894 0.833 0.581 0.320 0.408 0.376 0.600 0.697 0.441 0.233 0.273 0.228 0.419 0.789 0.873 0.863 0.736 0.596 0.318 0.258 0.210 0.243 0.168 0.239 0.305 0.184 0.235 0.274 0.646 0.767 0.792 0.581 0.510 0.386 0.265 0.167 0.213 0.126 0.117 0.167 0.136 0.198 0.117 0.096 0.090 0.089 0.089 0.090 0.096 0.117 0.097 0.093 0.101 0.137 0.161 0.332 0.331 0.160 0.135 0.199 0.119 0.104 0.122 0.211 0.560 0.419 0.722 0.689 0.243 0.128 0.099 0.091 0.090 0.093 0.104 0.150 0.204 0.120 0.101 0.109 0.160 0.124 0.159 0.107 0.093 0.090 0.089 0.089 0.092 0.102 0.143 0.299 0.143 0.103 0.094 0.098 0.123 0.222 0.607 0.840 0.898 0.909 0.902 0.857 0.829 0.886 0.875 0.907 0.915 0.915 0.911 0.889 0.803 0.774 0.657 0.593 0.245 0.192 0.321 0.405 0.503 0.547 0.291 0.354 0.316 0.637 0.536 0.401 0.199 0.200 0.271 0.257 0.146 0.149 0.155 0.175 0.364 0.276 0.215 0.373 0.443 0.474 0.488 0.494 0.497 0.498 0.499 0.499 0.499 0.499
