> Group_I_intron_Azoarcus_sp
0.367 0.367 0.356 0.356 0.340 0.340 0.294 0.292 0.292 0.292 0.292 0.292 0.292 0.292 0.292 0.319 0.319 0.319 0.319 0.344 0.374 0.397 0.399 0.456 0.468 0.481 0.481 0.481 0.594 0.676 0.706 0.747 0.747 0.747 0.747 0.747 0.747 0.747 0.747 0.744 0.726 0.701 0.664 0.628 0.600 0.557 0.513 0.510 0.510 0.510 0.557 0.628 0.628 0.524 0.510 0.484 0.484 0.510 0.511 0.524 0.635 0.648 0.648 0.648 0.639 0.635 0.611 0.611 0.611 0.611 0.611 0.611 0.546 0.456 0.456 0.456 0.456 0.443 0.439 0.439 0.439 0.439 0.439 0.439 0.439 0.439 0.456 0.458 0.472 0.472 0.472 0.472 0.472 0.472 0.470 0.465 0.465 0.470 0.548 0.589 0.606 0.609 0.606 0.589 0.470 0.470 0.465 0.465 0.465 0.465 0.415 0.415 0.400 0.359 0.319 0.306 0.244 0.191 0.187 0.169 0.172 0.172 0.172 0.169 0.169 0.169 0.169 0.169 0.169 0.169 0.169 0.172 0.172 0.232 0.267 0.271 0.283 0.288 0.299 0.312 0.332 0.440 0.529 0.617 0.696 0.745 0.745 0.745 0.745 0.745 0.745 0.745 0.745 0.714 0.583 0.553 0.553 0.553 0.553 0.553 0.553 0.553 0.535 0.535 0.535 0.535 0.535 0.535 0.535 0.535 0.394 0.320 0.320 0.320 0.303 0.266 0.234 0.228 0.222 0.222 0.228 0.234 0.303 0.320 0.349 0.353 0.367 0.367 0.367 0.370 0.399 0.449 0.486 0.486 0.486 0.449 0.399 0.399 0.370 0.317 0.302 0.283 0.214 0.214 0.214 0.214 0.214 0.214 0.214 0.214 0.223 0.223 0.223 0.223
> Lysine_riboswitch_T_maritime
0.698 0.698 0.698 0.698 0.715 0.752 0.752 0.752 0.752 0.752 0.752 0.752 0.752 0.719 0.614 0.614 0.614 0.614 0.614 0.614 0.614 0.614 0.636 0.738 0.738 0.738 0.738 0.738 0.738 0.738 0.738 0.718 0.684 0.670 0.659 0.650 0.650 0.650 0.650 0.650 0.650 0.584 0.569 0.508 0.508 0.508 0.508 0.508 0.508 0.422 0.402 0.402 0.396 0.341 0.314 0.308 0.280 0.255 0.255 0.278 0.292 0.307 0.308 0.314 0.314 0.314 0.314 0.314 0.311 0.307 0.307 0.307 0.307 0.311 0.314 0.316 0.344 0.358 0.358 0.358 0.358 0.492 0.492 0.492 0.492 0.492 0.492 0.492 0.492 0.459 0.459 0.459 0.441 0.428 0.381 0.377 0.369 0.343 0.307 0.307 0.307 0.307 0.289 0.264 0.264 0.264 0.264 0.264 0.264 0.264 0.264 0.289 0.374 0.473 0.584 0.634 0.634 0.634 0.634 0.634 0.634 0.634 0.634 0.526 0.439 0.315 0.228 0.181 0.181 0.174 0.164 0.161 0.147 0.136 0.136 0.136 0.147 0.150 0.161 0.174 0.181 0.190 0.190 0.174 0.190 0.222 0.226 0.299 0.337 0.366 0.374 0.402 0.374 0.366 0.333 0.333 0.333 0.333 0.333 0.333 0.333 0.333 0.333 0.333 0.328 0.318 0.264 0.246 0.264 0.264 0.318 0.328 0.328 0.372
> SAM_I_riboswitch_T_tengcongensis
0.869 0.869 0.869 0.869 0.797 0.656 0.499 0.421 0.421 0.421 0.421 0.421 0.421 0.421 0.421 0.528 0.573 0.577 0.578 0.583 0.596 0.608 0.608 0.608 0.608 0.608 0.608 0.596 0.583 0.615 0.622 0.622 0.625 0.626 0.626 0.626 0.547 0.547 0.547 0.547 0.547 0.547 0.547 0.504 0.382 0.366 0.360 0.333 0.333 0.333 0.333 0.333 0.333 0.318 0.314 0.293 0.222 0.209 0.222 0.314 0.321 0.359 0.450 0.470 0.397 0.359 0.321 0.266 0.266 0.266 0.304 0.321 0.346 0.346 0.304 0.294 0.266 0.239 0.228 0.223 0.223 0.228 0.239 0.294 0.304 0.330 0.303 0.301 0.301 0.301 0.301 0.301 0.301 0.301 0.301 0.301 0.301 0.301 0.301 0.301 0.301 0.301 0.385 0.398 0.422 0.428 0.484 0.485 0.518 0.543 0.543 0.543 0.543 0.543 0.543 0.577 0.593 0.593
> tRNA_Asp_yeast
0.757 0.757 0.757 0.757 0.757 0.712 0.656 0.596 0.536 0.480 0.440 0.416 0.391 0.346 0.294 0.294 0.294 0.294 0.294 0.294 0.294 0.294 0.338 0.338 0.338 0.338 0.338 0.338 0.338 0.338 0.292 0.292 0.292 0.292 0.292 0.292 0.292 0.292 0.323 0.403 0.493 0.561 0.635 0.683 0.683 0.683 0.683 0.683 0.683 0.683 0.683 0.581 0.581 0.581 0.581 0.581 0.581 0.581 0.581 0.643 0.710 0.724 0.724 0.724 0.724 0.724 0.724 0.724 0.724 0.658 0.574 0.466 0.466 0.466 0.466
> Adenine_riboswitch_V_vulnificus
0.805 0.741 0.741 0.706 0.684 0.684 0.684 0.706 0.741 0.741 0.706 0.665 0.660 0.583 0.563 0.563 0.559 0.559 0.559 0.563 0.563 0.563 0.563 0.563 0.563 0.538 0.538 0.538 0.536 0.536 0.536 0.536 0.538 0.541 0.541 0.541 0.541 0.541 0.541 0.541 0.541 0.541 0.541 0.541 0.541 0.541 0.541 0.566 0.566 0.566 0.566 0.558 0.538 0.538 0.538 0.558 0.574 0.598 0.615 0.622 0.637 0.641 0.641 0.637 0.622 0.622 0.641 0.641 0.698 0.729 0.729
> cyclic_di-GMP_riboswitch
0.769 0.769 0.772 0.772 0.772 0.783 0.787 0.799 0.820 0.865 0.892 0.900 0.903 0.910 0.911 0.912 0.912 0.912 0.912 0.912 0.912 0.912 0.912 0.912 0.912 0.912 0.912 0.912 0.912 0.912 0.911 0.911 0.908 0.898 0.898 0.898 0.898 0.898 0.898 0.898 0.898 0.899 0.899 0.899 0.899 0.899 0.899 0.899 0.899 0.899 0.862 0.814 0.765 0.749 0.738 0.711 0.618 0.508 0.420 0.420 0.420 0.420 0.420 0.420 0.420 0.420 0.580 0.734 0.855 0.897 0.908 0.908 0.908 0.908 0.908 0.908 0.908 0.908 0.901 0.891 0.881 0.876 0.863 0.818 0.709 0.611 0.517 0.423 0.345 0.306 0.249 0.184 0.127 0.115 0.115 0.115 0.115
> Pre-Q1_riboswitch
0.837 0.837 0.837 0.836 0.765 0.765 0.765 0.765 0.765 0.785 0.836 0.836 0.785 0.745 0.711 0.663 0.614 0.614 0.614 0.652 0.663 0.745 0.767 0.767 0.749 0.745 0.652 0.621 0.621 0.621 0.652 0.749 0.749 0.749
> 5domain_23S_rRNA_ecoli
0.480 0.480 0.480 0.480 0.480 0.473 0.457 0.395 0.386 0.374 0.319 0.307 0.306 0.306 0.306 0.306 0.306 0.306 0.306 0.306 0.438 0.438 0.438 0.456 0.463 0.565 0.570 0.573 0.658 0.671 0.704 0.711 0.711 0.840 0.860 0.861 0.861 0.861 0.861 0.861 0.861 0.861 0.861 0.860 0.784 0.784 0.784 0.784 0.784 0.784 0.784 0.784 0.804 0.807 0.808 0.821 0.827 0.828 0.871 0.880 0.902 0.902 0.902 0.902 0.902 0.902 0.902 0.902 0.902 0.901 0.897 0.882 0.832 0.732 0.732 0.732 0.683 0.652 0.608 0.563 0.563 0.563 0.563 0.568 0.652 0.683 0.693 0.758 0.775 0.789 0.880 0.904 0.910 0.911 0.912 0.912 0.912 0.912 0.912 0.912 0.912 0.912 0.912 0.912 0.911 0.909 0.902 0.902 0.902 0.902 0.902 0.894 0.884 0.872 0.844 0.806 0.806 0.806 0.806 0.806 0.734 0.734 0.734 0.734 0.734 0.734 0.734 0.734 0.792 0.874 0.876 0.877 0.878 0.878 0.878 0.878 0.878 0.878 0.878 0.878 0.808 0.691 0.548 0.393 0.353 0.353 0.353 0.353 0.353 0.353 0.353 0.353 0.511 0.669 0.812 0.812 0.812 0.812 0.812 0.812 0.812 0.812 0.812 0.812 0.812 0.806 0.720 0.705 0.686 0.600 0.576 0.576 0.576 0.576 0.576 0.459 0.318 0.230 0.153 0.124 0.124 0.124 0.124 0.124 0.124 0.124 0.124 0.202 0.308 0.439 0.439 0.439 0.439 0.439 0.439 0.439 0.439 0.326 0.183 0.107 0.088 0.084 0.082 0.082 0.082 0.082 0.082 0.082 0.082 0.082 0.082 0.082 0.082 0.083 0.085 0.093 0.125 0.256 0.385 0.385 0.385 0.385 0.385 0.385 0.385 0.385 0.299 0.296 0.285 0.285 0.285 0.285 0.285 0.285 0.285 0.290 0.296 0.290 0.290 0.290 0.290 0.290 0.290 0.290 0.262 0.205 0.205 0.205 0.205 0.205 0.205 0.205 0.205 0.232 0.238 0.238 0.238 0.238 0.294 0.329 0.383 0.408 0.426 0.516 0.516 0.516 0.516 0.516 0.613 0.613 0.613 0.613 0.613 0.613 0.613 0.641 0.674 0.700 0.700 0.700 0.698 0.684 0.682 0.682 0.682 0.682 0.682 0.682 0.682 0.682 0.664 0.656 0.645 0.641 0.605 0.596 0.593 0.593 0.592 0.589 0.589 0.589 0.589 0.589 0.589 0.584 0.564 0.545 0.540 0.533 0.533 0.533 0.533 0.533 0.533 0.545 0.564 0.620 0.663 0.674 0.674 0.674 0.674 0.674 0.674 0.674 0.674 0.627 0.627 0.627 0.627 0.627 0.627 0.627 0.627 0.685 0.685 0.685 0.685 0.685 0.685 0.685 0.685 0.562 0.558 0.553 0.515 0.458 0.445 0.399 0.399 0.399 0.399 0.458 0.467 0.515 0.553 0.558 0.605 0.686 0.686 0.686 0.686 0.686 0.686 0.686 0.686 0.569 0.438 0.428 0.428 0.428 0.428 0.428 0.428 0.428 0.428 0.585 0.585 0.585 0.585 0.585 0.585 0.585 0.585 0.635 0.635 0.635 0.575 0.553 0.500 0.429 0.399 0.367 0.376 0.399 0.429 0.518 0.553 0.553 0.553 0.553 0.544 0.518 0.518 0.518 0.518 0.518 0.518 0.518 0.504 0.444 0.444 0.444 0.444 0.444 0.444 0.444 0.444 0.541 0.638 0.638 0.638 0.638 0.638 0.638 0.638 0.638 0.554 0.437 0.327 0.256 0.234 0.234 0.234 0.234 0.234 0.234 0.234 0.234 0.286 0.304 0.304 0.304 0.340 0.353 0.364 0.394 0.414 0.425 0.425 0.425 0.405 0.372 0.364 0.340 0.340 0.340 0.340 0.326 0.318 0.318 0.318 0.318 0.318 0.318 0.318 0.273 0.250 0.250 0.318 0.337 0.390 0.462 0.466 0.466 0.466 0.390 0.366 0.337 0.250 0.234 0.212 0.212 0.133 0.133 0.133 0.133 0.133 0.133 0.133 0.133 0.146 0.244 0.333 0.454 0.564 0.646 0.704 0.776 0.813 0.813 0.813 0.813 0.813 0.813 0.813 0.813 0.813 0.813 0.813
> Group_I_Intron_T_thermophila
0.753 0.753 0.688 0.668 0.668 0.620 0.620 0.531 0.371 0.221 0.117 0.094 0.094 0.094 0.094 0.094 0.094 0.094 0.094 0.094 0.107 0.143 0.175 0.224 0.224 0.224 0.224 0.240 0.253 0.300 0.302 0.326 0.348 0.348 0.348 0.348 0.326 0.326 0.326 0.326 0.326 0.326 0.406 0.413 0.413 0.413 0.413 0.413 0.413 0.413 0.511 0.517 0.524 0.558 0.565 0.571 0.605 0.618 0.621 0.696 0.759 0.801 0.822 0.822 0.822 0.822 0.822 0.822 0.822 0.822 0.788 0.673 0.534 0.503 0.503 0.503 0.478 0.441 0.441 0.441 0.441 0.456 0.478 0.499 0.499 0.499 0.499 0.499 0.499 0.499 0.499 0.535 0.559 0.614 0.616 0.616 0.616 0.648 0.677 0.683 0.687 0.692 0.707 0.715 0.741 0.783 0.849 0.888 0.899 0.901 0.902 0.902 0.902 0.902 0.902 0.902 0.902 0.902 0.902 0.902 0.902 0.902 0.883 0.800 0.723 0.703 0.678 0.668 0.605 0.605 0.605 0.605 0.605 0.659 0.678 0.703 0.723 0.776 0.877 0.902 0.902 0.903 0.903 0.903 0.903 0.903 0.903 0.903 0.903 0.903 0.903 0.903 0.903 0.905 0.907 0.909 0.909 0.909 0.909 0.909 0.909 0.909 0.909 0.899 0.864 0.821 0.807 0.795 0.763 0.721 0.706 0.706 0.672 0.636 0.625 0.566 0.533 0.523 0.523 0.523 0.566 0.625 0.644 0.672 0.706 0.736 0.749 0.759 0.765 0.768 0.768 0.768 0.768 0.768 0.765 0.764 0.759 0.749 0.704 0.594 0.582 0.564 0.516 0.503 0.477 0.432 0.419 0.419 0.419 0.432 0.496 0.503 0.516 0.535 0.555 0.555 0.555 0.561 0.567 0.569 0.586 0.593 0.602 0.638 0.670 0.687 0.692 0.705 0.735 0.735 0.735 0.735 0.735 0.705 0.692 0.687 0.673 0.557 0.557 0.557 0.557 0.557 0.557 0.557 0.557 0.567 0.567 0.609 0.615 0.657 0.657 0.657 0.657 0.649 0.615 0.609 0.576 0.567 0.552 0.492 0.488 0.486 0.485 0.482 0.478 0.477 0.462 0.435 0.435 0.462 0.477 0.477 0.477 0.462 0.445 0.445 0.445 0.445 0.489 0.503 0.539 0.573 0.573 0.573 0.573 0.539 0.489 0.445 0.431 0.413 0.413 0.413 0.413 0.413 0.413 0.383 0.365 0.257 0.256 0.256 0.256 0.256 0.256 0.219 0.219 0.219 0.219 0.219 0.219 0.219 0.219 0.250 0.268 0.297 0.330 0.351 0.373 0.384 0.392 0.392 0.392 0.373 0.351 0.351 0.387 0.401 0.401 0.387 0.362 0.362 0.362 0.362 0.362 0.362 0.383 0.387 0.387 0.387 0.401 0.417 0.467 0.490 0.516 0.516 0.516 0.516 0.467 0.417 0.417 0.417 0.417 0.430 0.516 0.516 0.455 0.430 0.430 0.430 0.443 0.455 0.561 0.575 0.575 0.575 0.575 0.571 0.571 0.571 0.575 0.580 0.602 0.602 0.602 0.602 0.602 0.602 0.602 0.608 0.608 0.608 0.608 0.608 0.608 0.589 0.566 0.566 0.589 0.619 0.640 0.640 0.640 0.640 0.659 0.665 0.666 0.685 0.705 0.705 0.705 0.705 0.705 0.685 0.677 0.666 0.659 0.546 0.393 0.245 0.136 0.118 0.117 0.117 0.112 0.112 0.096 0.096 0.096 0.099 0.112 0.112 0.112 0.099 0.099 0.089 0.086
> Fluoride_riboswitch_P_syringae
0.376 0.376 0.376 0.376 0.533 0.690 0.690 0.690 0.690 0.690 0.690 0.739 0.786 0.786 0.743 0.739 0.660 0.621 0.598 0.559 0.544 0.530 0.530 0.559 0.598 0.598 0.598 0.598 0.598 0.615 0.749 0.775 0.775 0.775 0.775 0.775 0.775 0.775 0.775 0.756 0.756 0.756 0.756 0.756 0.756 0.756 0.756 0.841 0.886 0.890 0.891 0.891 0.891 0.891 0.891 0.891 0.890 0.886 0.867 0.771 0.624 0.468 0.323 0.323 0.323 0.323
> p546_bl3
0.372 0.372 0.372 0.372 0.406 0.406 0.406 0.406 0.406 0.372 0.329 0.306 0.276 0.276 0.329 0.389 0.420 0.446 0.540 0.540 0.540 0.528 0.477 0.495 0.528 0.540 0.574 0.635 0.689 0.691 0.742 0.750 0.742 0.691 0.635 0.630 0.630 0.630 0.630 0.630 0.499 0.499 0.499 0.499 0.499 0.497 0.456 0.391 0.377 0.338 0.338 0.338 0.338 0.338 0.269 0.234 0.234 0.234 0.234 0.234 0.234 0.234 0.225 0.206 0.206 0.206 0.206 0.206 0.206 0.176 0.176 0.176 0.176 0.176 0.176 0.176 0.176 0.178 0.308 0.462 0.614 0.614 0.614 0.614 0.614 0.614 0.614 0.614 0.484 0.484 0.484 0.484 0.484 0.484 0.484 0.417 0.355 0.355 0.355 0.355 0.355 0.417 0.467 0.505 0.475 0.467 0.417 0.373 0.351 0.294 0.294 0.330 0.351 0.366 0.373 0.413 0.413 0.413 0.413 0.413 0.481 0.564 0.660 0.761 0.842 0.886 0.886 0.886 0.886 0.886 0.886 0.886 0.886 0.883 0.800 0.669 0.518 0.377 0.310 0.310 0.310 0.310 0.310 0.310 0.310 0.310 0.415 0.435 0.435 0.517 0.517 0.567 0.622 0.622 0.699
> TPP_riboswitch_ecoli
0.893 0.893 0.893 0.893 0.893 0.893 0.893 0.893 0.893 0.893 0.893 0.883 0.830 0.803 0.782 0.727 0.623 0.559 0.559 0.559 0.559 0.559 0.559 0.559 0.559 0.704 0.704 0.704 0.704 0.704 0.704 0.704 0.718 0.718 0.684 0.651 0.609 0.600 0.549 0.549 0.549 0.549 0.578 0.609 0.609 0.609 0.609 0.609 0.609 0.621 0.627 0.691 0.711 0.716 0.720 0.724 0.724 0.742 0.753 0.785 0.785 0.785 0.785 0.772 0.772 0.772 0.772 0.790 0.793 0.815 0.815 0.815 0.796 0.796 0.796 0.796 0.815 0.815 0.837
> ecoli_23S
0.489 0.489 0.489 0.489 0.475 0.445 0.375 0.375 0.375 0.375 0.375 0.375 0.371 0.371 0.371 0.382 0.437 0.449 0.450 0.450 0.450 0.450 0.450 0.437 0.382 0.371 0.347 0.347 0.347 0.347 0.347 0.347 0.347 0.347 0.463 0.463 0.463 0.489 0.537 0.594 0.598 0.649 0.707 0.732 0.733 0.733 0.733 0.857 0.860 0.861 0.862 0.862 0.862 0.862 0.862 0.862 0.861 0.860 0.805 0.805 0.805 0.805 0.805 0.804 0.804 0.804 0.804 0.807 0.808 0.821 0.828 0.836 0.873 0.880 0.902 0.902 0.902 0.902 0.902 0.902 0.902 0.902 0.902 0.901 0.897 0.882 0.833 0.733 0.733 0.733 0.705 0.678 0.611 0.590 0.577 0.577 0.577 0.590 0.678 0.697 0.705 0.780 0.788 0.790 0.880 0.904 0.910 0.911 0.912 0.912 0.912 0.912 0.912 0.912 0.912 0.912 0.912 0.912 0.911 0.909 0.902 0.902 0.902 0.902 0.902 0.896 0.884 0.872 0.850 0.806 0.806 0.806 0.806 0.806 0.754 0.754 0.754 0.754 0.754 0.754 0.754 0.754 0.793 0.877 0.887 0.889 0.889 0.889 0.889 0.889 0.889 0.889 0.889 0.887 0.816 0.712 0.573 0.418 0.353 0.353 0.353 0.353 0.353 0.353 0.353 0.353 0.511 0.669 0.812 0.812 0.812 0.812 0.812 0.812 0.812 0.812 0.829 0.829 0.829 0.808 0.725 0.723 0.708 0.607 0.597 0.597 0.597 0.597 0.597 0.476 0.337 0.248 0.170 0.151 0.151 0.151 0.151 0.151 0.151 0.151 0.151 0.233 0.333 0.462 0.462 0.462 0.462 0.462 0.462 0.462 0.462 0.342 0.200 0.122 0.100 0.087 0.083 0.082 0.082 0.082 0.082 0.082 0.082 0.082 0.082 0.082 0.082 0.083 0.085 0.093 0.125 0.256 0.412 0.412 0.412 0.412 0.412 0.412 0.412 0.412 0.390 0.375 0.365 0.364 0.364 0.364 0.364 0.364 0.364 0.365 0.390 0.365 0.325 0.325 0.325 0.325 0.325 0.325 0.325 0.247 0.232 0.232 0.232 0.232 0.232 0.232 0.232 0.232 0.238 0.238 0.238 0.238 0.303 0.329 0.383 0.426 0.430 0.525 0.525 0.525 0.525 0.544 0.642 0.642 0.642 0.642 0.642 0.642 0.642 0.665 0.702 0.703 0.703 0.703 0.703 0.703 0.703 0.703 0.703 0.703 0.703 0.703 0.703 0.703 0.720 0.720 0.697 0.672 0.672 0.662 0.629 0.626 0.626 0.621 0.609 0.609 0.609 0.609 0.609 0.608 0.607 0.596 0.578 0.578 0.578 0.578 0.578 0.578 0.593 0.608 0.620 0.689 0.723 0.727 0.727 0.727 0.727 0.727 0.727 0.727 0.727 0.661 0.661 0.661 0.661 0.661 0.661 0.661 0.661 0.720 0.720 0.720 0.720 0.720 0.720 0.720 0.720 0.604 0.603 0.592 0.541 0.511 0.475 0.410 0.410 0.410 0.410 0.511 0.537 0.541 0.603 0.603 0.674 0.753 0.753 0.753 0.753 0.753 0.753 0.753 0.753 0.639 0.497 0.450 0.450 0.450 0.450 0.450 0.450 0.450 0.450 0.605 0.605 0.605 0.605 0.605 0.605 0.605 0.605 0.700 0.700 0.700 0.580 0.577 0.568 0.432 0.426 0.425 0.383 0.426 0.432 0.533 0.577 0.580 0.580 0.580 0.580 0.578 0.578 0.578 0.578 0.578 0.578 0.578 0.578 0.545 0.545 0.545 0.545 0.545 0.545 0.545 0.545 0.655 0.655 0.655 0.655 0.655 0.655 0.655 0.655 0.652 0.556 0.438 0.327 0.257 0.257 0.257 0.257 0.257 0.257 0.257 0.257 0.279 0.329 0.337 0.337 0.337 0.384 0.395 0.399 0.412 0.431 0.460 0.470 0.470 0.460 0.419 0.399 0.395 0.395 0.395 0.395 0.366 0.318 0.318 0.318 0.318 0.318 0.318 0.318 0.315 0.251 0.251 0.318 0.359 0.390 0.463 0.491 0.491 0.491 0.391 0.390 0.359 0.256 0.251 0.229 0.229 0.149 0.146 0.146 0.146 0.146 0.146 0.146 0.146 0.146 0.244 0.333 0.454 0.564 0.647 0.704 0.777 0.816 0.816 0.816 0.816 0.816 0.816 0.816 0.816 0.717 0.574 0.418 0.351 0.351 0.351 0.351 0.351 0.351 0.351 0.351 0.370 0.398 0.433 0.477 0.477 0.477 0.477 0.532 0.551 0.558 0.654 0.659 0.685 0.734 0.734 0.734 0.719 0.719 0.719 0.719 0.719 0.719 0.719 0.719 0.627 0.495 0.386 0.292 0.216 0.182 0.166 0.140 0.112 0.097 0.097 0.097 0.097 0.097 0.097 0.097 0.097 0.144 0.189 0.189 0.189 0.189 0.245 0.272 0.295 0.384 0.411 0.431 0.431 0.431 0.431 0.520 0.650 0.719 0.719 0.719 0.719 0.719 0.719 0.728 0.741 0.728 0.724 0.719 0.712 0.704 0.690 0.679 0.678 0.653 0.653 0.626 0.557 0.557 0.557 0.557 0.557 0.557 0.557 0.557 0.646 0.689 0.719 0.748 0.750 0.750 0.750 0.750 0.750 0.750 0.750 0.754 0.754 0.754 0.754 0.728 0.693 0.684 0.658 0.638 0.604 0.602 0.557 0.557 0.557 0.557 0.557 0.548 0.482 0.461 0.461 0.482 0.509 0.548 0.625 0.627 0.646 0.716 0.735 0.741 0.746 0.746 0.746 0.746 0.746 0.746 0.746 0.746 0.648 0.581 0.557 0.541 0.539 0.539 0.539 0.539 0.539 0.534 0.510 0.488 0.476 0.392 0.392 0.488 0.510 0.511 0.624 0.631 0.638 0.638 0.638 0.743 0.743 0.743 0.743 0.743 0.743 0.743 0.743 0.625 0.542 0.533 0.507 0.507 0.499 0.495 0.495 0.495 0.495 0.495 0.498 0.498 0.498 0.498 0.500 0.500 0.501 0.501 0.501 0.501 0.501 0.501 0.501 0.501 0.501 0.501 0.501 0.501 0.501 0.501 0.501 0.501 0.501 0.501 0.501 0.501 0.501 0.501 0.500 0.500 0.499 0.497 0.492 0.481 0.457 0.403 0.370 0.370 0.370 0.370 0.370 0.370 0.370 0.370 0.486 0.486 0.486 0.486 0.529 0.580 0.645 0.668 0.720 0.787 0.787 0.787 0.787 0.787 0.787 0.787 0.787 0.787 0.787 0.787 0.787 0.758 0.701 0.621 0.509 0.405 0.330 0.328 0.318 0.318 0.255 0.255 0.223 0.223 0.223 0.255 0.255 0.318 0.318 0.318 0.318 0.272 0.255 0.215 0.215 0.215 0.215 0.240 0.240 0.240 0.240 0.240 0.240 0.240 0.240 0.259 0.275 0.306 0.306 0.306 0.306 0.330 0.379 0.392 0.458 0.469 0.469 0.458 0.392 0.360 0.330 0.312 0.312 0.360 0.392 0.415 0.496 0.496 0.496 0.496 0.498 0.556 0.603 0.652 0.652 0.652 0.652 0.652 0.672 0.677 0.690 0.726 0.775 0.784 0.784 0.775 0.729 0.690 0.677 0.677 0.677 0.677 0.677 0.580 0.422 0.422 0.422 0.422 0.422 0.422 0.422 0.422 0.466 0.555 0.631 0.688 0.757 0.817 0.817 0.826 0.826 0.829 0.850 0.861 0.861 0.861 0.850 0.829 0.826 0.817 0.817 0.746 0.652 0.652 0.617 0.602 0.602 0.602 0.602 0.602 0.610 0.617 0.652 0.655 0.688 0.736 0.833 0.833 0.833 0.833 0.833 0.833 0.833 0.833 0.752 0.636 0.526 0.397 0.296 0.296 0.296 0.296 0.296 0.296 0.296 0.296 0.302 0.450 0.468 0.468 0.468 0.468 0.468 0.487 0.550 0.594 0.594 0.594 0.594 0.550 0.545 0.487 0.468 0.410 0.410 0.459 0.487 0.545 0.594 0.609 0.609 0.609 0.609 0.609 0.636 0.636 0.636 0.636 0.636 0.636 0.636 0.636 0.636 0.636 0.636 0.636 0.636 0.636 0.624 0.567 0.567 0.567 0.567 0.567 0.567 0.567 0.510 0.391 0.324 0.222 0.159 0.152 0.149 0.149 0.149 0.149 0.149 0.149 0.152 0.159 0.169 0.252 0.313 0.347 0.371 0.378 0.432 0.521 0.618 0.669 0.689 0.690 0.697 0.698 0.698 0.698 0.698 0.698 0.698 0.698 0.698 0.698 0.698 0.698 0.698 0.698 0.698 0.643 0.630 0.630 0.630 0.630 0.630 0.630 0.630 0.495 0.360 0.222 0.129 0.129 0.129 0.129 0.129 0.129 0.129 0.129 0.215 0.280 0.280 0.280 0.290 0.295 0.327 0.355 0.355 0.355 0.345 0.327 0.327 0.327 0.327 0.345 0.363 0.366 0.389 0.401 0.506 0.622 0.726 0.794 0.797 0.808 0.808 0.808 0.808 0.808 0.808 0.808 0.799 0.799 0.740 0.623 0.475 0.475 0.475 0.475 0.475 0.475 0.475 0.475 0.602 0.622 0.622 0.622 0.622 0.622 0.622 0.622 0.622 0.622 0.622 0.622 0.612 0.609 0.586 0.579 0.548 0.530 0.530 0.543 0.579 0.579 0.568 0.568 0.568 0.568 0.568 0.568 0.568 0.568 0.568 0.568 0.568 0.568 0.584 0.589 0.589 0.593 0.654 0.614 0.593 0.549 0.530 0.524 0.524 0.524 0.524 0.524 0.524 0.520 0.482 0.407 0.333 0.245 0.167 0.134 0.123 0.110 0.110 0.110 0.110 0.110 0.110 0.110 0.110 0.111 0.136 0.178 0.243 0.355 0.459 0.533 0.639 0.733 0.773 0.809 0.809 0.809 0.809 0.809 0.809 0.809 0.809 0.788 0.764 0.757 0.748 0.742 0.729 0.668 0.553 0.490 0.470 0.452 0.415 0.383 0.383 0.353 0.353 0.353 0.383 0.383 0.452 0.470 0.470 0.462 0.452 0.383 0.353 0.353 0.353 0.365 0.383 0.383 0.383 0.383 0.383 0.383 0.383 0.383 0.394 0.408 0.409 0.423 0.423 0.423 0.423 0.487 0.491 0.506 0.568 0.568 0.568 0.537 0.537 0.537 0.537 0.537 0.578 0.579 0.598 0.610 0.668 0.668 0.668 0.668 0.668 0.668 0.668 0.668 0.717 0.717 0.717 0.717 0.717 0.717 0.717 0.774 0.794 0.794 0.794 0.794 0.794 0.794 0.794 0.794 0.747 0.692 0.650 0.643 0.635 0.631 0.620 0.617 0.545 0.444 0.377 0.320 0.313 0.313 0.304 0.284 0.263 0.233 0.229 0.229 0.198 0.177 0.163 0.163 0.144 0.113 0.090 0.086 0.086 0.086 0.086 0.086 0.086 0.086 0.086 0.098 0.146 0.280 0.280 0.280 0.280 0.280 0.298 0.363 0.432 0.445 0.478 0.473 0.445 0.366 0.363 0.298 0.295 0.295 0.295 0.295 0.295 0.235 0.235 0.235 0.235 0.235 0.235 0.235 0.235 0.266 0.310 0.315 0.325 0.329 0.338 0.366 0.415 0.448 0.511 0.511 0.511 0.511 0.511 0.511 0.511 0.511 0.380 0.287 0.241 0.241 0.241 0.241 0.241 0.241 0.241 0.241 0.285 0.285 0.285 0.285 0.285 0.285 0.336 0.373 0.390 0.390 0.390 0.390 0.390 0.390 0.414 0.460 0.491 0.491 0.504 0.505 0.529 0.556 0.556 0.556 0.556 0.533 0.529 0.518 0.512 0.505 0.505 0.505 0.512 0.512 0.512 0.512 0.512 0.512 0.505 0.493 0.489 0.480 0.480 0.480 0.480 0.480 0.493 0.493 0.493 0.493 0.493 0.493 0.467 0.455 0.399 0.399 0.399 0.399 0.399 0.455 0.506 0.520 0.520 0.520 0.520 0.520 0.520 0.624 0.655 0.662 0.666 0.677 0.691 0.695 0.695 0.695 0.695 0.691 0.689 0.689 0.689 0.689 0.577 0.577 0.577 0.577 0.577 0.574 0.486 0.457 0.449 0.361 0.372 0.415 0.452 0.455 0.455 0.455 0.455 0.455 0.455 0.455 0.455 0.481 0.524 0.530 0.536 0.552 0.578 0.593 0.607 0.626 0.626 0.626 0.626 0.626 0.626 0.626 0.626 0.591 0.445 0.301 0.175 0.175 0.175 0.174 0.168 0.168 0.168 0.168 0.168 0.174 0.175 0.182 0.216 0.297 0.350 0.384 0.413 0.431 0.453 0.520 0.575 0.591 0.591 0.608 0.609 0.631 0.632 0.636 0.640 0.666 0.666 0.666 0.666 0.666 0.640 0.632 0.632 0.545 0.388 0.370 0.370 0.370 0.370 0.370 0.370 0.370 0.370 0.494 0.494 0.494 0.494 0.494 0.494 0.512 0.525 0.568 0.568 0.568 0.568 0.568 0.568 0.561 0.561 0.561 0.561 0.564 0.568 0.573 0.585 0.615 0.643 0.645 0.666 0.670 0.697 0.697 0.697 0.697 0.697 0.697 0.697 0.774 0.774 0.774 0.774 0.774 0.774 0.774 0.774 0.774 0.774 0.774 0.774 0.774 0.774 0.774 0.699 0.606 0.525 0.514 0.505 0.487 0.480 0.471 0.426 0.331 0.264 0.255 0.249 0.244 0.234 0.220 0.220 0.220 0.220 0.234 0.234 0.234 0.234 0.282 0.437 0.437 0.437 0.437 0.437 0.437 0.437 0.437 0.486 0.486 0.486 0.486 0.486 0.486 0.486 0.568 0.717 0.774 0.780 0.787 0.790 0.794 0.794 0.794 0.794 0.790 0.787 0.780 0.774 0.767 0.719 0.626 0.504 0.387 0.302 0.228 0.227 0.227 0.215 0.215 0.215 0.215 0.215 0.215 0.227 0.227 0.251 0.366 0.366 0.366 0.366 0.366 0.366 0.366 0.366 0.309 0.236 0.152 0.152 0.152 0.152 0.152 0.152 0.152 0.152 0.163 0.196 0.196 0.196 0.196 0.196 0.196 0.196 0.196 0.232 0.232 0.232 0.232 0.232 0.232 0.232 0.310 0.463 0.491 0.491 0.491 0.491 0.491 0.491 0.491 0.491 0.365 0.260 0.186 0.138 0.105 0.088 0.083 0.083 0.083 0.083 0.083 0.083 0.083 0.083 0.087 0.102 0.163 0.267 0.411 0.457 0.458 0.458 0.458 0.458 0.458 0.458 0.458 0.457 0.432 0.391 0.391 0.391 0.391 0.391 0.391 0.391 0.391 0.445 0.514 0.571 0.571 0.571 0.571 0.571 0.571 0.582 0.605 0.611 0.648 0.658 0.674 0.682 0.682 0.682 0.707 0.721 0.721 0.721 0.721 0.721 0.721 0.721 0.707 0.707 0.707 0.714 0.714 0.714 0.714 0.714 0.714 0.756 0.756 0.756 0.756 0.756 0.756 0.756 0.756 0.724 0.707 0.701 0.700 0.696 0.632 0.525 0.390 0.259 0.209 0.209 0.209 0.209 0.209 0.209 0.209 0.209 0.296 0.381 0.450 0.450 0.450 0.450 0.450 0.450 0.450 0.450 0.339 0.236 0.208 0.208 0.208 0.208 0.208 0.200 0.196 0.191 0.191 0.191 0.191 0.191 0.191 0.196 0.200 0.200 0.200 0.200 0.200 0.200 0.259 0.259 0.259 0.259 0.278 0.284 0.371 0.393 0.395 0.451 0.397 0.397 0.397 0.397 0.428 0.439 0.439 0.439 0.439 0.439 0.439 0.428 0.397 0.333 0.333 0.333 0.333 0.333 0.333 0.333 0.317 0.333 0.342 0.349 0.368 0.378 0.378 0.381 0.386 0.386 0.386 0.386 0.386 0.386 0.444 0.450 0.461 0.461 0.461 0.461 0.461 0.461 0.461 0.461 0.452 0.403 0.374 0.353 0.353 0.353 0.353 0.353 0.353 0.343 0.287 0.258 0.252 0.243 0.258 0.323 0.353 0.353 0.334 0.323 0.267 0.258 0.258 0.258 0.267 0.323 0.334 0.353 0.364 0.368 0.506 0.629 0.649 0.653 0.655 0.658 0.663 0.667 0.672 0.684 0.684 0.684 0.684 0.684 0.719 0.721 0.738 0.744 0.764 0.778 0.780 0.790 0.800 0.807 0.807 0.807 0.800 0.790 0.790 0.790 0.790 0.790 0.790 0.756 0.663 0.527 0.381 0.345 0.345 0.345 0.320 0.282 0.266 0.242 0.211 0.189 0.172 0.172 0.172 0.167 0.121 0.101 0.096 0.096 0.096 0.096 0.096 0.096 0.096 0.096 0.096 0.101 0.101 0.118 0.131 0.137 0.147 0.175 0.208 0.208 0.208 0.208 0.208 0.275 0.282 0.293 0.386 0.389 0.386 0.374 0.313 0.296 0.293 0.293 0.293 0.293 0.293 0.293 0.296 0.296 0.296 0.296 0.293 0.267 0.260 0.223 0.197 0.188 0.197 0.202 0.267 0.293 0.318 0.318 0.318 0.309 0.293 0.232 0.232 0.232 0.278 0.309 0.318 0.369 0.411 0.411 0.411 0.411 0.411 0.507 0.639 0.639 0.639 0.639 0.639 0.639 0.639 0.639 0.598 0.561 0.524 0.482 0.434 0.393 0.318 0.226 0.163 0.131 0.131 0.131 0.131 0.131 0.131 0.131 0.131 0.171 0.171 0.171 0.171 0.171 0.171 0.171 0.171 0.167 0.167 0.167 0.167 0.167 0.167 0.167 0.167 0.169 0.176 0.183 0.184 0.187 0.285 0.417 0.538 0.538 0.538 0.538 0.538 0.538 0.538 0.538 0.460 0.363 0.269 0.250 0.248 0.248 0.248 0.248 0.248 0.248 0.236 0.236 0.227 0.227 0.236 0.308 0.316 0.340 0.340 0.340 0.316 0.308 0.290 0.234 0.234 0.282 0.290 0.316 0.374 0.374 0.374 0.374 0.375 0.453 0.573 0.705 0.775 0.798 0.805 0.813 0.813 0.813 0.813 0.817 0.817 0.818 0.818 0.818 0.817 0.813 0.809 0.809 0.809 0.808 0.806 0.792 0.755 0.722 0.685 0.633 0.578 0.534 0.520 0.502 0.502 0.502 0.502 0.502 0.502 0.502 0.502 0.581 0.649 0.649 0.649 0.649 0.649 0.649 0.649 0.675 0.706 0.722 0.730 0.730 0.730 0.730 0.730 0.730 0.730 0.730 0.730 0.730 0.750 0.773 0.793 0.820 0.815 0.789 0.773 0.750 0.740 0.733 0.740 0.772 0.773 0.789 0.789 0.789 0.772 0.753 0.740 0.733 0.710 0.699 0.699 0.673 0.673 0.673 0.673 0.673 0.673 0.673 0.673 0.757 0.757 0.757 0.757 0.757 0.762 0.766 0.789 0.793 0.793 0.793 0.793 0.793 0.793 0.793 0.793 0.793 0.793 0.793 0.793 0.793 0.781 0.704 0.626 0.621 0.615 0.615 0.611 0.607 0.599 0.588 0.582 0.573 0.561 0.556 0.534 0.534 0.534 0.534 0.534 0.534 0.534 0.534 0.633 0.710 0.740 0.773 0.826 0.827 0.832 0.836 0.845 0.845 0.845 0.845 0.845 0.836 0.830 0.827 0.826 0.708 0.588 0.467 0.366 0.341 0.341 0.341 0.341 0.341 0.341 0.341 0.341 0.341 0.341 0.324 0.367 0.379 0.382 0.427 0.445 0.498 0.499 0.499 0.499 0.498 0.498 0.498 0.498 0.498 0.498 0.498 0.393 0.240 0.233 0.233 0.233 0.233 0.233 0.233 0.233 0.233 0.322 0.322 0.322 0.322 0.322 0.322 0.322 0.350 0.350 0.350 0.350 0.350 0.350 0.350 0.350 0.426 0.432 0.441 0.476 0.512 0.538 0.577 0.577 0.577 0.577 0.552 0.512 0.476 0.432 0.426 0.476 0.540 0.540 0.540 0.540 0.463 0.412 0.396 0.328 0.328 0.328 0.328 0.328 0.328 0.211 0.198 0.196 0.182 0.174 0.148 0.145 0.132 0.132 0.145 0.148 0.174 0.182 0.182 0.182 0.186 0.305 0.305 0.328 0.370 0.422 0.433 0.458 0.517 0.563 0.581 0.603 0.638 0.612 0.612 0.612 0.612 0.612 0.612 0.612 0.612 0.612 0.612 0.612 0.612 0.612 0.612 0.612 0.570 0.570 0.570 0.570 0.570 0.570 0.570 0.563 0.464 0.357 0.357 0.357 0.357 0.357 0.357 0.357 0.354 0.339 0.339 0.339 0.339 0.339 0.344 0.357 0.442 0.442 0.442 0.442 0.442 0.442 0.442 0.553 0.665 0.665 0.665 0.665 0.665 0.665 0.665 0.665 0.590 0.435 0.404 0.404 0.404 0.404 0.404 0.404 0.404 0.404 0.561 0.561 0.561 0.561 0.561 0.561 0.561 0.561 0.546 0.429 0.313 0.230 0.176 0.176 0.176 0.176 0.176 0.176 0.176 0.176 0.233 0.326 0.412 0.447 0.448 0.460 0.462 0.462 0.462 0.462 0.462 0.460 0.458 0.448 0.447 0.448 0.458 0.458 0.458 0.458 0.458 0.458 0.464 0.593 0.723 0.780 0.783 0.790 0.790 0.790 0.790 0.790 0.790 0.783 0.780 0.762 0.749 0.739 0.671 0.550 0.526 0.526 0.526 0.526 0.526 0.526 0.526 0.526 0.663 0.784 0.809 0.809 0.809 0.809 0.809 0.809 0.809 0.809 0.797 0.787 0.777 0.773 0.742 0.674 0.646 0.530 0.530 0.530 0.530 0.530 0.530 0.530 0.530 0.571 0.571 0.571 0.571 0.636 0.647 0.669 0.714 0.732 0.758 0.758 0.758 0.758 0.758 0.758 0.758 0.758 0.758 0.758 0.758 0.758 0.756 0.617 0.472 0.472 0.472 0.472 0.472 0.472 0.472 0.472 0.493 0.513 0.539 0.557 0.590 0.602 0.619 0.619 0.610 0.602 0.590 0.557 0.539 0.539 0.549 0.590 0.602 0.602 0.549 0.509 0.507 0.400 0.400 0.400 0.438 0.498 0.498 0.498 0.438 0.375 0.360 0.331 0.331 0.331 0.375 0.428 0.438 0.498 0.498 0.428 0.375 0.372 0.372 0.372 0.428 0.435 0.517 0.546 0.575 0.575 0.575 0.517 0.490 0.435 0.435 0.435 0.459 0.490 0.556 0.575 0.633 0.608 0.556 0.509 0.490 0.459 0.403 0.403 0.403 0.403 0.403 0.365 0.360 0.360 0.360 0.360 0.360 0.360 0.360 0.365 0.487 0.620 0.688 0.688 0.688 0.688 0.688 0.688 0.688 0.688 0.601 0.537 0.528 0.518 0.497 0.484 0.481 0.459 0.459 0.459 0.459 0.459 0.459 0.459 0.459 0.522 0.557 0.576 0.594 0.594 0.676 0.775 0.800 0.800 0.800 0.800 0.800 0.800 0.800 0.800 0.792 0.792 0.792 0.792 0.792 0.792 0.792 0.791 0.753 0.753 0.753 0.753 0.753 0.791 0.811 0.859 0.824 0.811 0.799 0.795 0.795 0.795 0.795 0.795 0.795 0.795 0.795 0.795 0.793 0.793 0.771 0.730 0.728 0.683 0.604 0.599 0.596 0.552 0.511 0.511 0.511 0.499 0.448 0.392 0.392 0.392 0.392 0.392 0.392 0.392 0.392 0.403 0.469 0.510 0.540 0.540 0.540 0.540 0.548 0.575 0.610 0.627 0.661 0.722 0.738 0.760 0.738 0.722 0.657 0.657 0.657 0.657 0.657 0.657 0.515 0.387 0.341 0.341 0.341 0.341 0.341 0.341 0.341 0.282 0.256 0.231 0.230 0.230 0.230 0.230 0.225 0.183 0.183 0.183 0.183 0.183 0.183 0.183 0.183 0.325 0.325 0.325 0.325 0.325 0.350 0.424 0.482 0.490 0.552 0.552 0.552 0.490 0.424 0.393 0.393 0.393 0.393 0.424 0.446 0.552 0.552 0.552 0.552 0.552 0.552 0.490 0.490 0.490 0.538 0.597 0.599 0.599 0.599 0.599 0.538 0.507 0.490 0.440 0.432 0.402 0.368 0.368 0.362 0.305 0.297 0.234 0.219 0.212 0.153 0.208 0.212 0.219 0.219 0.219 0.219 0.208 0.159 0.151 0.137 0.137 0.137 0.137 0.137 0.111 0.111 0.111 0.111 0.111 0.111 0.111 0.107 0.101 0.107 0.113 0.117 0.119 0.123 0.131 0.133 0.140 0.184 0.288 0.428 0.428 0.428 0.428 0.429 0.452 0.479 0.491 0.496 0.496 0.496 0.496 0.496 0.496 0.496 0.496 0.499 0.500 0.500 0.501 0.501 0.501 0.501 0.501 0.501 0.501 0.501 0.501 0.501 0.501 0.501 0.501 0.501 0.501 0.501 0.501 0.501 0.501 0.501 0.501 0.501 0.501 0.501 0.501 0.501 0.501 0.501 0.501 0.501 0.501 0.501 0.501 0.501 0.501 0.501 0.501 0.501 0.501 0.501 0.501 0.501 0.501 0.501 0.501 0.501 0.501 0.501
> 5S_rRNA_ecoli
0.887 0.887 0.868 0.868 0.849 0.849 0.832 0.832 0.820 0.692 0.692 0.692 0.692 0.692 0.692 0.626 0.595 0.538 0.470 0.522 0.595 0.597 0.626 0.656 0.656 0.597 0.595 0.574 0.522 0.502 0.463 0.434 0.434 0.434 0.324 0.203 0.147 0.147 0.144 0.144 0.144 0.143 0.139 0.137 0.135 0.135 0.135 0.137 0.139 0.143 0.145 0.145 0.145 0.148 0.148 0.208 0.223 0.227 0.231 0.231 0.235 0.239 0.241 0.248 0.253 0.256 0.260 0.273 0.365 0.417 0.419 0.444 0.470 0.481 0.516 0.555 0.555 0.555 0.555 0.555 0.555 0.555 0.555 0.519 0.519 0.519 0.519 0.519 0.519 0.519 0.519 0.519 0.519 0.519 0.519 0.519 0.519 0.519 0.444 0.434 0.426 0.402 0.390 0.390 0.390 0.390 0.390 0.402 0.434 0.444 0.475 0.475 0.475 0.475 0.475 0.528 0.528 0.570 0.611 0.611
> 5domain_16S_rRNA_ecoli
0.330 0.330 0.330 0.330 0.382 0.474 0.492 0.503 0.517 0.551 0.581 0.592 0.600 0.639 0.639 0.639 0.639 0.639 0.639 0.639 0.639 0.495 0.489 0.474 0.471 0.445 0.422 0.374 0.374 0.374 0.422 0.430 0.445 0.465 0.465 0.465 0.465 0.509 0.511 0.542 0.552 0.619 0.622 0.634 0.674 0.690 0.713 0.744 0.744 0.744 0.744 0.744 0.744 0.744 0.744 0.744 0.744 0.744 0.744 0.744 0.744 0.744 0.747 0.747 0.747 0.747 0.747 0.747 0.747 0.747 0.741 0.663 0.649 0.631 0.568 0.548 0.508 0.485 0.447 0.435 0.410 0.369 0.359 0.359 0.308 0.286 0.276 0.276 0.276 0.276 0.308 0.359 0.359 0.369 0.402 0.402 0.402 0.402 0.402 0.402 0.402 0.402 0.395 0.395 0.395 0.395 0.395 0.395 0.395 0.395 0.487 0.599 0.686 0.686 0.686 0.686 0.686 0.686 0.686 0.740 0.745 0.745 0.745 0.745 0.740 0.683 0.681 0.666 0.641 0.595 0.666 0.679 0.681 0.745 0.720 0.681 0.679 0.624 0.543 0.541 0.527 0.527 0.527 0.541 0.565 0.565 0.565 0.565 0.565 0.565 0.565 0.568 0.571 0.571 0.571 0.571 0.571 0.571 0.572 0.595 0.608 0.618 0.639 0.639 0.639 0.639 0.639 0.647 0.647 0.647 0.647 0.647 0.647 0.639 0.638 0.589 0.505 0.505 0.505 0.505 0.505 0.505 0.505 0.505 0.505 0.537 0.664 0.788 0.811 0.816 0.822 0.822 0.822 0.822 0.822 0.822 0.816 0.811 0.785 0.662 0.662 0.662 0.662 0.639 0.604 0.529 0.526 0.514 0.514 0.514 0.514 0.514 0.514 0.514 0.512 0.512 0.497 0.497 0.497 0.497 0.497 0.512 0.512 0.512 0.530 0.562 0.628 0.628 0.628 0.628 0.628 0.628 0.685 0.690 0.741 0.741 0.741 0.741 0.741 0.741 0.757 0.784 0.784 0.784 0.784 0.784 0.784 0.784 0.784 0.695 0.693 0.651 0.619 0.602 0.544 0.544 0.544 0.544 0.544 0.554 0.619 0.619 0.619 0.619 0.574 0.554 0.544 0.488 0.488 0.413 0.413 0.413 0.413 0.413 0.413 0.413 0.413 0.413 0.556 0.556 0.556 0.556 0.556 0.556 0.556 0.556 0.451 0.406 0.392 0.371 0.285 0.241 0.175 0.148 0.139 0.136 0.136 0.136 0.136 0.136 0.136 0.136 0.136 0.140 0.225 0.338 0.384 0.392 0.429 0.429 0.429 0.429 0.429 0.429 0.408 0.392 0.384 0.342 0.328 0.327 0.321 0.316 0.316 0.316 0.316 0.315 0.313 0.304 0.262 0.253 0.245 0.206 0.200 0.200 0.208 0.208 0.208 0.208 0.182 0.173 0.152 0.152 0.152 0.173 0.208 0.223 0.231 0.234 0.262 0.317 0.355 0.377 0.406 0.406 0.406 0.406 0.406 0.390 0.390 0.390 0.390 0.390 0.406 0.436 0.471 0.471 0.471 0.471 0.480 0.480 0.480 0.480 0.480 0.480 0.471 0.436 0.433 0.388 0.376 0.376 0.376 0.376 0.376 0.376 0.376 0.378 0.388 0.393 0.393 0.393 0.406 0.476 0.488 0.503 0.503 0.503 0.497 0.476 0.468 0.448 0.434 0.426 0.426 0.426 0.426 0.426 0.423 0.423 0.423 0.423 0.423 0.423 0.426 0.434 0.474 0.474 0.474 0.474 0.474 0.474 0.477 0.491 0.601 0.601 0.601 0.601 0.601 0.601 0.577 0.577 0.577 0.577 0.577 0.577 0.577 0.577 0.577 0.577 0.577 0.577 0.577 0.577 0.577 0.582 0.582 0.582 0.582 0.582 0.582 0.582 0.582 0.436 0.393 0.393 0.393 0.393 0.393 0.393 0.393 0.393 0.393 0.393 0.393 0.393 0.393 0.402 0.452 0.489 0.539 0.539 0.452 0.452 0.402 0.315 0.298 0.280 0.315 0.402 0.428 0.452 0.539 0.587 0.587 0.587 0.587 0.587 0.587 0.587 0.587 0.587 0.587 0.587 0.521 0.423 0.373 0.373 0.371 0.333 0.308 0.289 0.289 0.289 0.289 0.308 0.333 0.371 0.373 0.387 0.440 0.571 0.577 0.577 0.577 0.577 0.577 0.666 0.671 0.686 0.686 0.671 0.648 0.631 0.631 0.631 0.631 0.631 0.631 0.631 0.648 0.648
> Group_II_intron_O_iheyensis
0.323 0.323 0.323 0.330 0.330 0.330 0.330 0.323 0.314 0.314 0.330 0.369 0.399 0.399 0.399 0.399 0.399 0.428 0.466 0.466 0.466 0.466 0.466 0.466 0.466 0.466 0.431 0.371 0.365 0.365 0.365 0.365 0.362 0.361 0.361 0.361 0.365 0.366 0.371 0.380 0.386 0.388 0.388 0.388 0.388 0.388 0.388 0.415 0.418 0.419 0.419 0.418 0.398 0.383 0.354 0.354 0.354 0.383 0.398 0.398 0.398 0.398 0.383 0.372 0.362 0.354 0.350 0.293 0.293 0.260 0.218 0.185 0.170 0.170 0.170 0.170 0.170 0.170 0.170 0.170 0.210 0.235 0.276 0.358 0.415 0.429 0.438 0.442 0.453 0.505 0.506 0.507 0.542 0.554 0.554 0.554 0.554 0.554 0.554 0.554 0.554 0.489 0.420 0.420 0.420 0.420 0.420 0.420 0.420 0.420 0.540 0.608 0.610 0.619 0.647 0.674 0.688 0.730 0.734 0.759 0.759 0.775 0.805 0.850 0.879 0.879 0.879 0.879 0.879 0.879 0.879 0.879 0.844 0.795 0.795 0.795 0.795 0.795 0.795 0.795 0.795 0.795 0.795 0.795 0.795 0.795 0.795 0.795 0.777 0.777 0.777 0.777 0.777 0.777 0.777 0.777 0.807 0.878 0.894 0.894 0.894 0.894 0.894 0.896 0.900 0.901 0.901 0.902 0.901 0.900 0.894 0.892 0.892 0.890 0.886 0.883 0.802 0.701 0.553 0.396 0.396 0.396 0.396 0.396 0.396 0.396 0.396 0.508 0.651 0.704 0.704 0.704 0.704 0.731 0.745 0.749 0.749 0.749 0.731 0.704 0.669 0.645 0.638 0.638 0.638 0.638 0.669 0.708 0.708 0.708 0.708 0.778 0.778 0.778 0.778 0.778 0.778 0.778 0.778 0.709 0.581 0.581 0.581 0.581 0.581 0.581 0.581 0.545 0.486 0.486 0.486 0.486 0.486 0.486 0.486 0.331 0.296 0.290 0.276 0.272 0.237 0.237 0.237 0.237 0.272 0.276 0.282 0.290 0.296 0.316 0.316 0.316 0.327 0.342 0.345 0.353 0.353 0.362 0.362 0.362 0.362 0.353 0.327 0.303 0.300 0.266 0.247 0.245 0.228 0.215 0.182 0.172 0.164 0.141 0.130 0.129 0.126 0.122 0.117 0.116 0.100 0.098 0.096 0.098 0.100 0.105 0.105 0.105 0.105 0.105 0.105 0.173 0.296 0.406 0.422 0.428 0.448 0.453 0.467 0.563 0.563 0.563 0.563 0.563 0.584 0.683 0.700 0.709 0.709 0.683 0.609 0.584 0.552 0.486 0.463 0.435 0.428 0.323 0.244 0.222 0.213 0.208 0.198 0.160 0.147 0.147 0.147 0.147 0.147 0.147 0.147 0.147 0.227 0.338 0.381 0.393 0.450 0.481 0.507 0.507 0.507 0.507 0.507 0.450 0.428 0.419 0.414 0.414 0.414 0.414 0.414 0.414 0.414 0.401 0.399 0.414 0.414 0.419 0.428 0.453 0.453 0.453 0.453 0.453 0.431 0.416 0.416 0.416 0.416 0.416 0.402 0.402 0.402 0.402 0.402 0.402 0.416 0.423 0.472 0.472 0.472 0.472 0.472 0.472 0.472 0.472 0.326 0.326 0.326 0.326 0.322 0.288 0.266 0.254 0.254 0.266 0.288 0.289 0.299 0.299 0.299 0.299 0.289 0.284 0.274 0.266 0.261 0.261 0.261 0.261 0.261 0.261
> cdiff_16S
0.344 0.344 0.344 0.344 0.344 0.344 0.344 0.344 0.344 0.344 0.344 0.352 0.352 0.435 0.435 0.435 0.435 0.435 0.435 0.435 0.442 0.442 0.442 0.442 0.442 0.442 0.442 0.442 0.484 0.484 0.484 0.487 0.494 0.558 0.579 0.599 0.599 0.599 0.582 0.579 0.557 0.494 0.484 0.477 0.477 0.477 0.386 0.381 0.367 0.358 0.328 0.323 0.317 0.288 0.277 0.253 0.206 0.206 0.206 0.206 0.206 0.206 0.206 0.206 0.283 0.426 0.554 0.554 0.554 0.554 0.554 0.554 0.554 0.554 0.498 0.419 0.418 0.415 0.411 0.399 0.399 0.391 0.388 0.371 0.369 0.366 0.339 0.283 0.226 0.182 0.180 0.179 0.177 0.172 0.170 0.166 0.166 0.166 0.166 0.166 0.166 0.170 0.172 0.256 0.410 0.566 0.671 0.672 0.685 0.692 0.702 0.746 0.764 0.768 0.771 0.771 0.771 0.768 0.764 0.764 0.764 0.764 0.764 0.764 0.735 0.615 0.615 0.615 0.615 0.615 0.615 0.615 0.615 0.685 0.770 0.770 0.770 0.770 0.770 0.770 0.770 0.770 0.795 0.795 0.795 0.750 0.749 0.697 0.683 0.671 0.627 0.602 0.602 0.602 0.571 0.480 0.443 0.436 0.390 0.346 0.346 0.346 0.346 0.346 0.346 0.346 0.346 0.478 0.606 0.710 0.710 0.710 0.710 0.710 0.710 0.710 0.756 0.763 0.763 0.763 0.763 0.756 0.743 0.708 0.643 0.614 0.611 0.611 0.611 0.611 0.489 0.377 0.248 0.166 0.162 0.160 0.154 0.154 0.154 0.154 0.154 0.154 0.154 0.154 0.185 0.265 0.393 0.524 0.671 0.801 0.883 0.901 0.901 0.901 0.901 0.901 0.901 0.901 0.901 0.898 0.886 0.840 0.756 0.648 0.511 0.511 0.511 0.511 0.511 0.511 0.511 0.511 0.520 0.546 0.558 0.563 0.568 0.591 0.651 0.756 0.821 0.821 0.821 0.823 0.832 0.855 0.861 0.864 0.891 0.891 0.876 0.864 0.855 0.832 0.823 0.823 0.823 0.823 0.750 0.685 0.637 0.536 0.437 0.365 0.270 0.206 0.206 0.206 0.206 0.206 0.206 0.206 0.206 0.274 0.313 0.313 0.313 0.313 0.313 0.313 0.313 0.313 0.277 0.229 0.224 0.222 0.222 0.222 0.222 0.222 0.222 0.224 0.229 0.229 0.229 0.229 0.222 0.207 0.207 0.207 0.188 0.147 0.134 0.122 0.115 0.115 0.115 0.115 0.115 0.115 0.115 0.115 0.122 0.134 0.145 0.177 0.249 0.386 0.445 0.457 0.480 0.526 0.526 0.526 0.526 0.526 0.524 0.524 0.524 0.524 0.543 0.561 0.594 0.612 0.612 0.612 0.612 0.624 0.626 0.639 0.639 0.639 0.639 0.639 0.639 0.639 0.639 0.568 0.542 0.542 0.517 0.433 0.422 0.411 0.411 0.411 0.411 0.433 0.445 0.517 0.517 0.517 0.542 0.549 0.553 0.558 0.558 0.558 0.558 0.558 0.553 0.487 0.481 0.460 0.376 0.376 0.376 0.376 0.376 0.376 0.376 0.376 0.407 0.407 0.407 0.407 0.430 0.435 0.512 0.512 0.512 0.508 0.453 0.453 0.453 0.453 0.453 0.453 0.508 0.508 0.508 0.508 0.483 0.483 0.483 0.548 0.575 0.611 0.614 0.625 0.625 0.625 0.625 0.642 0.642 0.642 0.642 0.642 0.642 0.642 0.642 0.642 0.672 0.736 0.736 0.736 0.626 0.607 0.587 0.511 0.511 0.511 0.450 0.299 0.168 0.133 0.117 0.117 0.117 0.117 0.117 0.117 0.117 0.117 0.225 0.325 0.389 0.465 0.505 0.505 0.505 0.505 0.505 0.505 0.505 0.548 0.577 0.539 0.505 0.454 0.430 0.390 0.319 0.290 0.290 0.319 0.381 0.430 0.454 0.503 0.430 0.412 0.381 0.327 0.327 0.327 0.327 0.327 0.327 0.320 0.320 0.320 0.320 0.313 0.303 0.297 0.293 0.293 0.293 0.313 0.320 0.321 0.332 0.332 0.359 0.448 0.571 0.641 0.641 0.641 0.641 0.641 0.641 0.651 0.651 0.644 0.641 0.609 0.571 0.537 0.507 0.490 0.483 0.479 0.354 0.276 0.269 0.269 0.269 0.269 0.269 0.269 0.269 0.269 0.276 0.276 0.276 0.276 0.263 0.288 0.338 0.396 0.405 0.453 0.491 0.509 0.509 0.554 0.661 0.677 0.709 0.710 0.717 0.755 0.776 0.819 0.822 0.822 0.822 0.822 0.842 0.844 0.844 0.852 0.855 0.864 0.864 0.864 0.855 0.852 0.844 0.844 0.842 0.761 0.613 0.613 0.613 0.613 0.613 0.613 0.584 0.485 0.459 0.441 0.441 0.441 0.485 0.568 0.584 0.644 0.692 0.584 0.568 0.552 0.473 0.473 0.552 0.568 0.595 0.692 0.714 0.739 0.798 0.798 0.810 0.817 0.818 0.830 0.841 0.850 0.866 0.866 0.864 0.850 0.841 0.830 0.818 0.817 0.810 0.783 0.774 0.750 0.712 0.672 0.651 0.599 0.581 0.546 0.532 0.522 0.532 0.581 0.557 0.511 0.465 0.444 0.428 0.375 0.337 0.326 0.337 0.428 0.444 0.455 0.455 0.444 0.420 0.368 0.337 0.335 0.335 0.335 0.335 0.335 0.335 0.313 0.268 0.259 0.236 0.233 0.207 0.170 0.134 0.134 0.132 0.128 0.128 0.128 0.128 0.128 0.132 0.134 0.134 0.158 0.249 0.249 0.249 0.249 0.249 0.249 0.250 0.250 0.250 0.250 0.250 0.250 0.250 0.250 0.250 0.255 0.256 0.256 0.256 0.256 0.278 0.285 0.300 0.314 0.325 0.350 0.373 0.386 0.440 0.440 0.440 0.440 0.440 0.440 0.440 0.440 0.388 0.309 0.281 0.270 0.270 0.270 0.270 0.270 0.270 0.270 0.270 0.381 0.505 0.505 0.505 0.505 0.505 0.505 0.505 0.505 0.512 0.512 0.512 0.512 0.512 0.512 0.512 0.534 0.641 0.641 0.644 0.673 0.695 0.707 0.777 0.779 0.779 0.780 0.779 0.777 0.770 0.707 0.707 0.707 0.707 0.707 0.700 0.700 0.700 0.700 0.645 0.624 0.569 0.560 0.506 0.506 0.560 0.574 0.624 0.637 0.645 0.723 0.637 0.624 0.588 0.574 0.574 0.574 0.574 0.574 0.450 0.299 0.299 0.299 0.299 0.299 0.299 0.299 0.299 0.312 0.415 0.427 0.447 0.453 0.497 0.556 0.575 0.585 0.619 0.632 0.632 0.632 0.632 0.632 0.632 0.632 0.632 0.635 0.635 0.689 0.691 0.691 0.691 0.619 0.600 0.600 0.600 0.600 0.600 0.600 0.600 0.600 0.594 0.558 0.540 0.516 0.489 0.382 0.375 0.356 0.346 0.332 0.302 0.237 0.237 0.237 0.237 0.237 0.237 0.237 0.237 0.275 0.407 0.553 0.694 0.694 0.694 0.694 0.694 0.694 0.694 0.694 0.690 0.665 0.620 0.535 0.455 0.455 0.455 0.395 0.388 0.360 0.320 0.302 0.302 0.302 0.312 0.320 0.320 0.320 0.320 0.320 0.320 0.320 0.318 0.312 0.312 0.312 0.312 0.298 0.273 0.237 0.206 0.206 0.206 0.206 0.206 0.206 0.206 0.206 0.275 0.357 0.357 0.357 0.357 0.357 0.357 0.357 0.357 0.347 0.318 0.318 0.318 0.318 0.318 0.318 0.318 0.318 0.322 0.349 0.360 0.360 0.375 0.387 0.398 0.398 0.398 0.398 0.390 0.375 0.360 0.360 0.360 0.313 0.249 0.174 0.172 0.172 0.169 0.158 0.145 0.145 0.145 0.145 0.158 0.159 0.169 0.172 0.172 0.241 0.296 0.298 0.298 0.303 0.304 0.309 0.326 0.339 0.341 0.344 0.344 0.344 0.450 0.450 0.450 0.450 0.450 0.460 0.475 0.580 0.595 0.595 0.595 0.595 0.595 0.595 0.619 0.619 0.619 0.632 0.641 0.652 0.695 0.709 0.709 0.709 0.652 0.632 0.619 0.560 0.545 0.542 0.545 0.560 0.560 0.560 0.527 0.459 0.459 0.459 0.468 0.524 0.524 0.524 0.524 0.525 0.525 0.525 0.525 0.525 0.525 0.564 0.566 0.631 0.722 0.722 0.722 0.722 0.722 0.722 0.722 0.722 0.598 0.489 0.468 0.468 0.468 0.468 0.468 0.468 0.468 0.489 0.499 0.532 0.562 0.620 0.640 0.657 0.679 0.679 0.679 0.679 0.679 0.679 0.672 0.657 0.640 0.612 0.544 0.472 0.448 0.424 0.340 0.254 0.192 0.141 0.115 0.105 0.104 0.104 0.104 0.104 0.104 0.104 0.104 0.104 0.105 0.124 0.132 0.140 0.145 0.146 0.150 0.150 0.248 0.386 0.503 0.628 0.631 0.637 0.645 0.645 0.645 0.645 0.645 0.637 0.631 0.628 0.531 0.524 0.512 0.505 0.505 0.505 0.505 0.505 0.505 0.524 0.531 0.586 0.720 0.789 0.789 0.789 0.789 0.789 0.789 0.789 0.789 0.735 0.667 0.628 0.564 0.538 0.530 0.530 0.530 0.530 0.530 0.530 0.530 0.530 0.569 0.580 0.596 0.598 0.643 0.655 0.658 0.658 0.658 0.658 0.643 0.659 0.670 0.734 0.755 0.758 0.755 0.670 0.659 0.615 0.570 0.562 0.489 0.562 0.615 0.625 0.625 0.615 0.540 0.489 0.469 0.461 0.431 0.431 0.444 0.469 0.489 0.496 0.469 0.444 0.433 0.433 0.433 0.433 0.444 0.476 0.476 0.476 0.476 0.476 0.441 0.433 0.396 0.393 0.365 0.365 0.365 0.365 0.365 0.365 0.365 0.365 0.376 0.376 0.376 0.395 0.450 0.463 0.511 0.512 0.597 0.601 0.637 0.637 0.601 0.586 0.586 0.586 0.601 0.645 0.666 0.713 0.713 0.713 0.713 0.666 0.645 0.586 0.575 0.575 0.575 0.575 0.575 0.575 0.575 0.575 0.575 0.575 0.575 0.545 0.537 0.537 0.537 0.541 0.545 0.651 0.663 0.681 0.685 0.663 0.651 0.631 0.552 0.545 0.541 0.552 0.608 0.608 0.608 0.552 0.538 0.518 0.518 0.518 0.518 0.518 0.538 0.571 0.571 0.571 0.527 0.518 0.518 0.527 0.571 0.576 0.576 0.571 0.527 0.524 0.484 0.484 0.484 0.484 0.524 0.538 0.576 0.625 0.625 0.553 0.538 0.538 0.538 0.538 0.538 0.538 0.528 0.528 0.528 0.528 0.528 0.528 0.528 0.528 0.550 0.550 0.550 0.550 0.550 0.550 0.550 0.550 0.397 0.397 0.397 0.397 0.397 0.397 0.397 0.397 0.412 0.572 0.722 0.727 0.727 0.727 0.727 0.727 0.727 0.727 0.727 0.679 0.640 0.558 0.516 0.511 0.470 0.465 0.441 0.389 0.389 0.389 0.389 0.433 0.441 0.465 0.441 0.433 0.380 0.312 0.288 0.288 0.288 0.288 0.240 0.240 0.240 0.240 0.240 0.240 0.240 0.240 0.290 0.419 0.419 0.419 0.419 0.419 0.419 0.419 0.419 0.419 0.419 0.419 0.419 0.419 0.419 0.419 0.442 0.442 0.442 0.442 0.442 0.442 0.442 0.442 0.356 0.327 0.327 0.322 0.295 0.295 0.295 0.295 0.295 0.312 0.322 0.327 0.334 0.392 0.469 0.547 0.615 0.628 0.656 0.661 0.661 0.697 0.700 0.700 0.700 0.700 0.700 0.697 0.663 0.661 0.656 0.584 0.584 0.584 0.584 0.584 0.584 0.567 0.549 0.549 0.567 0.568 0.591 0.655 0.655 0.655 0.655 0.643 0.591 0.568 0.567 0.565 0.545 0.520 0.447 0.383 0.360 0.357 0.357 0.357 0.357 0.357 0.357 0.360 0.383 0.397 0.477 0.532 0.533 0.539 0.540 0.542 0.553 0.577 0.585 0.595 0.610 0.625 0.625 0.625 0.625 0.625 0.625 0.625 0.625 0.576 0.513 0.507 0.464 0.455 0.449 0.449 0.449 0.449 0.455 0.455 0.455 0.445 0.428 0.357 0.317 0.312 0.312 0.312 0.197 0.179 0.176 0.165 0.149 0.139 0.139 0.139 0.139 0.143 0.149 0.165 0.165 0.165 0.245 0.326 0.421 0.426 0.434 0.437 0.446 0.489 0.496 0.519 0.528 0.567 0.573 0.580 0.657 0.732 0.732 0.732 0.732 0.732 0.732 0.732 0.732 0.671 0.559 0.499 0.499 0.499 0.499 0.499 0.499 0.499 0.499 0.500 0.500 0.500 0.500
> tRNA_phe_ecoli
0.904 0.904 0.904 0.904 0.905 0.905 0.905 0.905 0.905 0.905 0.905 0.905 0.888 0.818 0.719 0.719 0.719 0.719 0.719 0.719 0.719 0.719 0.811 0.811 0.811 0.811 0.811 0.811 0.811 0.811 0.669 0.536 0.536 0.536 0.536 0.536 0.536 0.536 0.536 0.683 0.819 0.879 0.897 0.902 0.902 0.903 0.903 0.903 0.903 0.903 0.904 0.904 0.904 0.904 0.910 0.910 0.910 0.911 0.911 0.911 0.911 0.911 0.911 0.911 0.911 0.911 0.910 0.907 0.894 0.842 0.729 0.601 0.462 0.462 0.462 0.462
> M-Box_riboswitch
0.292 0.292 0.292 0.283 0.283 0.263 0.218 0.146 0.137 0.137 0.137 0.137 0.137 0.137 0.137 0.137 0.209 0.329 0.405 0.405 0.405 0.405 0.405 0.405 0.405 0.445 0.478 0.478 0.478 0.478 0.478 0.478 0.506 0.624 0.624 0.624 0.624 0.624 0.624 0.624 0.624 0.579 0.516 0.516 0.516 0.516 0.470 0.469 0.469 0.469 0.470 0.482 0.516 0.537 0.537 0.537 0.537 0.537 0.522 0.522 0.522 0.566 0.567 0.567 0.567 0.567 0.567 0.567 0.596 0.604 0.613 0.651 0.651 0.651 0.651 0.604 0.596 0.586 0.586 0.586 0.481 0.371 0.371 0.371 0.371 0.371 0.371 0.371 0.371 0.499 0.548 0.548 0.548 0.548 0.548 0.548 0.548 0.559 0.559 0.559 0.559 0.548 0.548 0.455 0.427 0.410 0.363 0.363 0.363 0.407 0.427 0.455 0.455 0.455 0.455 0.407 0.366 0.363 0.288 0.288 0.288 0.324 0.334 0.334 0.332 0.332 0.332 0.332 0.332 0.332 0.332 0.334 0.353 0.423 0.520 0.555 0.560 0.560 0.560 0.560 0.560 0.560 0.560 0.555 0.540 0.491 0.491 0.491 0.491 0.480 0.480 0.459 0.454 0.454
> Hepatitis_C_virus_IRES_domain
0.098 0.098 0.098 0.098 0.098 0.098 0.098 0.098 0.098 0.098 0.098 0.101 0.155 0.243 0.278 0.288 0.298 0.307 0.307 0.307 0.307 0.307 0.311 0.324 0.329 0.366 0.380 0.431 0.431 0.380 0.380 0.380 0.380 0.405 0.431 0.435 0.445 0.446 0.463 0.475 0.543 0.612 0.612 0.612 0.612 0.612 0.612 0.612 0.612 0.550 0.406 0.406 0.406 0.406 0.406 0.406 0.406 0.406 0.423 0.435 0.478 0.491 0.530 0.535 0.589 0.589 0.589 0.550 0.535 0.491 0.478 0.448 0.448 0.448 0.326 0.283 0.283 0.255 0.255 0.226 0.220 0.219 0.184 0.181 0.181 0.181 0.140 0.135 0.133 0.132 0.132 0.132 0.132 0.132 0.132 0.133 0.135 0.193 0.320 0.429 0.547 0.663 0.667 0.674 0.675 0.675 0.675 0.675 0.675 0.674 0.674 0.674 0.674 0.674 0.674 0.677 0.677 0.677 0.671 0.668 0.664 0.650 0.647 0.647 0.609 0.592 0.565 0.553 0.520 0.499 0.499 0.499 0.499 0.500 0.514 0.514 0.514 0.500 0.471 0.471 0.471 0.500 0.514 0.516 0.523 0.543 0.543 0.547 0.555 0.645 0.658 0.658 0.658 0.658 0.658 0.658 0.658 0.658 0.603 0.511 0.427 0.345 0.343 0.343 0.343 0.343 0.252 0.238 0.232 0.193 0.193 0.211 0.232 0.234 0.234 0.234 0.234 0.228 0.211 0.199 0.199 0.199 0.211 0.211 0.228 0.234 0.247 0.247 0.302 0.302 0.305 0.328 0.348 0.352 0.353 0.353 0.353 0.352 0.348 0.315 0.305 0.302 0.302 0.305 0.315 0.352 0.353 0.353 0.353 0.378 0.447 0.463 0.463 0.475 0.475 0.475 0.475 0.475 0.463 0.463 0.463 0.455 0.455 0.455 0.452 0.434 0.369 0.364 0.351 0.326 0.292 0.292 0.292 0.326 0.327 0.327 0.327 0.327 0.327 0.327 0.327 0.381 0.381 0.381 0.381 0.381 0.381 0.388 0.395 0.395 0.395 0.395 0.408 0.427 0.463 0.463 0.463 0.463 0.463 0.463 0.463 0.463 0.463 0.463 0.463 0.463 0.463 0.463 0.423 0.421 0.421 0.421 0.423 0.508 0.537 0.577 0.583 0.636 0.583 0.577 0.537 0.508 0.508 0.523 0.529 0.529 0.529 0.529 0.523 0.506 0.483 0.467 0.448 0.399 0.337 0.337 0.337 0.337 0.337 0.337 0.337 0.337 0.337 0.337 0.328 0.297 0.297 0.297 0.397 0.408 0.412 0.412 0.409 0.408 0.323 0.323 0.323 0.381 0.408 0.408 0.408 0.408 0.408 0.381 0.335 0.323 0.314 0.285 0.285 0.285 0.285 0.266 0.241 0.241 0.214 0.214
> ecoli_16S
0.502 0.502 0.502 0.502 0.504 0.509 0.520 0.520 0.520 0.520 0.520 0.520 0.520 0.520 0.513 0.434 0.422 0.420 0.382 0.369 0.361 0.310 0.307 0.307 0.307 0.310 0.369 0.382 0.404 0.404 0.404 0.506 0.539 0.549 0.555 0.599 0.608 0.637 0.664 0.664 0.664 0.644 0.644 0.644 0.644 0.644 0.644 0.568 0.552 0.535 0.499 0.497 0.483 0.405 0.405 0.405 0.479 0.483 0.499 0.522 0.522 0.522 0.522 0.573 0.592 0.611 0.628 0.702 0.706 0.719 0.742 0.756 0.766 0.766 0.766 0.766 0.766 0.766 0.766 0.766 0.755 0.755 0.755 0.755 0.755 0.755 0.755 0.755 0.798 0.798 0.798 0.798 0.798 0.798 0.798 0.798 0.781 0.691 0.680 0.657 0.608 0.589 0.555 0.550 0.536 0.520 0.424 0.417 0.411 0.391 0.326 0.323 0.302 0.302 0.302 0.323 0.326 0.391 0.402 0.411 0.417 0.411 0.402 0.402 0.402 0.402 0.402 0.402 0.498 0.498 0.498 0.498 0.498 0.498 0.498 0.498 0.616 0.704 0.765 0.767 0.767 0.767 0.767 0.767 0.767 0.807 0.811 0.811 0.811 0.811 0.807 0.767 0.758 0.741 0.713 0.708 0.708 0.713 0.758 0.811 0.759 0.708 0.707 0.690 0.619 0.581 0.581 0.581 0.581 0.619 0.626 0.626 0.626 0.626 0.626 0.626 0.626 0.626 0.626 0.626 0.626 0.626 0.626 0.626 0.633 0.655 0.657 0.657 0.675 0.708 0.708 0.708 0.720 0.724 0.724 0.724 0.724 0.724 0.724 0.724 0.720 0.618 0.568 0.566 0.566 0.566 0.566 0.566 0.566 0.566 0.568 0.583 0.709 0.834 0.865 0.865 0.868 0.868 0.868 0.868 0.868 0.868 0.865 0.865 0.815 0.710 0.710 0.710 0.710 0.699 0.662 0.609 0.599 0.599 0.609 0.609 0.609 0.609 0.609 0.609 0.599 0.592 0.588 0.588 0.588 0.588 0.591 0.591 0.591 0.591 0.592 0.644 0.714 0.714 0.714 0.714 0.714 0.714 0.755 0.757 0.798 0.798 0.798 0.798 0.798 0.798 0.807 0.811 0.811 0.811 0.811 0.811 0.811 0.811 0.811 0.734 0.734 0.683 0.672 0.634 0.575 0.575 0.575 0.575 0.575 0.583 0.672 0.672 0.672 0.672 0.600 0.583 0.575 0.530 0.530 0.440 0.431 0.431 0.431 0.431 0.431 0.431 0.431 0.431 0.591 0.591 0.591 0.591 0.591 0.591 0.591 0.591 0.579 0.533 0.515 0.485 0.395 0.329 0.248 0.211 0.193 0.178 0.174 0.174 0.174 0.174 0.174 0.174 0.174 0.174 0.272 0.392 0.451 0.463 0.491 0.491 0.491 0.491 0.491 0.491 0.474 0.464 0.463 0.463 0.453 0.426 0.386 0.386 0.386 0.386 0.386 0.398 0.398 0.398 0.379 0.333 0.331 0.311 0.284 0.284 0.254 0.254 0.254 0.254 0.236 0.215 0.187 0.187 0.187 0.215 0.254 0.274 0.285 0.296 0.306 0.360 0.389 0.411 0.453 0.453 0.453 0.453 0.453 0.433 0.433 0.433 0.433 0.433 0.488 0.514 0.516 0.533 0.533 0.557 0.565 0.565 0.565 0.565 0.565 0.565 0.557 0.516 0.452 0.440 0.440 0.435 0.435 0.435 0.435 0.435 0.435 0.440 0.452 0.470 0.470 0.470 0.486 0.543 0.564 0.566 0.613 0.613 0.606 0.599 0.586 0.580 0.577 0.577 0.577 0.577 0.577 0.577 0.577 0.540 0.540 0.540 0.540 0.540 0.540 0.540 0.540 0.540 0.540 0.540 0.540 0.540 0.548 0.593 0.663 0.663 0.663 0.663 0.663 0.663 0.603 0.603 0.603 0.603 0.603 0.603 0.603 0.603 0.603 0.603 0.603 0.603 0.603 0.603 0.603 0.618 0.618 0.618 0.618 0.618 0.618 0.618 0.618 0.489 0.471 0.471 0.471 0.471 0.471 0.471 0.471 0.471 0.471 0.471 0.471 0.471 0.471 0.471 0.475 0.548 0.556 0.556 0.494 0.475 0.408 0.347 0.322 0.329 0.347 0.408 0.485 0.494 0.556 0.641 0.641 0.641 0.642 0.642 0.642 0.642 0.642 0.642 0.642 0.642 0.611 0.511 0.442 0.442 0.426 0.392 0.390 0.327 0.327 0.327 0.327 0.354 0.392 0.426 0.442 0.449 0.493 0.630 0.630 0.630 0.630 0.630 0.650 0.737 0.738 0.740 0.740 0.737 0.698 0.665 0.650 0.630 0.625 0.566 0.566 0.566 0.540 0.437 0.437 0.437 0.437 0.437 0.437 0.437 0.411 0.371 0.371 0.371 0.371 0.393 0.411 0.512 0.553 0.566 0.566 0.566 0.566 0.566 0.707 0.750 0.755 0.758 0.783 0.798 0.812 0.826 0.830 0.832 0.839 0.843 0.854 0.893 0.894 0.894 0.896 0.900 0.900 0.900 0.900 0.900 0.894 0.894 0.893 0.886 0.813 0.672 0.672 0.672 0.672 0.672 0.672 0.573 0.543 0.519 0.432 0.432 0.495 0.543 0.573 0.632 0.692 0.692 0.692 0.632 0.602 0.543 0.522 0.602 0.624 0.632 0.727 0.750 0.764 0.829 0.829 0.829 0.869 0.870 0.870 0.872 0.878 0.888 0.890 0.894 0.894 0.890 0.888 0.878 0.872 0.870 0.870 0.878 0.881 0.881 0.851 0.844 0.796 0.758 0.734 0.687 0.687 0.735 0.758 0.760 0.760 0.758 0.735 0.654 0.650 0.650 0.615 0.614 0.615 0.650 0.650 0.650 0.650 0.650 0.582 0.551 0.551 0.551 0.551 0.551 0.551 0.551 0.456 0.451 0.435 0.431 0.384 0.382 0.367 0.327 0.318 0.300 0.294 0.253 0.247 0.247 0.247 0.247 0.294 0.300 0.318 0.327 0.330 0.476 0.476 0.476 0.476 0.476 0.476 0.476 0.476 0.445 0.430 0.419 0.402 0.351 0.350 0.292 0.278 0.239 0.137 0.137 0.137 0.137 0.137 0.137 0.137 0.137 0.177 0.310 0.464 0.600 0.600 0.600 0.600 0.600 0.605 0.611 0.621 0.637 0.637 0.621 0.618 0.605 0.600 0.589 0.589 0.589 0.589 0.589 0.585 0.585 0.585 0.585 0.585 0.581 0.569 0.569 0.569 0.581 0.581 0.581 0.594 0.607 0.608 0.608 0.607 0.594 0.461 0.457 0.450 0.450 0.450 0.450 0.450 0.450 0.450 0.438 0.437 0.302 0.292 0.285 0.285 0.285 0.292 0.323 0.437 0.437 0.437 0.437 0.437 0.333 0.323 0.333 0.367 0.445 0.475 0.501 0.568 0.614 0.614 0.579 0.568 0.501 0.445 0.419 0.419 0.419 0.419 0.265 0.265 0.265 0.265 0.265 0.265 0.265 0.265 0.354 0.509 0.526 0.537 0.555 0.611 0.643 0.658 0.728 0.745 0.749 0.749 0.745 0.745 0.745 0.745 0.745 0.745 0.745 0.735 0.725 0.725 0.725 0.725 0.725 0.725 0.725 0.725 0.725 0.725 0.725 0.725 0.725 0.725 0.725 0.688 0.561 0.459 0.349 0.241 0.209 0.206 0.196 0.179 0.177 0.177 0.177 0.177 0.179 0.196 0.206 0.209 0.283 0.419 0.558 0.678 0.731 0.731 0.731 0.731 0.731 0.731 0.731 0.731 0.665 0.536 0.394 0.394 0.394 0.394 0.394 0.394 0.371 0.345 0.345 0.371 0.402 0.466 0.466 0.466 0.466 0.477 0.477 0.477 0.477 0.477 0.477 0.477 0.477 0.477 0.428 0.427 0.389 0.389 0.397 0.397 0.397 0.397 0.397 0.397 0.397 0.554 0.703 0.761 0.761 0.761 0.761 0.761 0.761 0.761 0.761 0.728 0.606 0.606 0.606 0.606 0.606 0.606 0.606 0.606 0.614 0.614 0.614 0.614 0.614 0.614 0.614 0.630 0.630 0.589 0.584 0.577 0.473 0.465 0.465 0.465 0.465 0.465 0.465 0.465 0.458 0.398 0.347 0.332 0.332 0.347 0.398 0.404 0.404 0.404 0.404 0.404 0.530 0.530 0.530 0.530 0.530 0.532 0.545 0.622 0.661 0.642 0.622 0.532 0.530 0.516 0.440 0.412 0.377 0.377 0.412 0.438 0.438 0.438 0.438 0.438 0.438 0.404 0.404 0.423 0.438 0.506 0.527 0.570 0.624 0.624 0.624 0.570 0.527 0.506 0.506 0.527 0.570 0.572 0.637 0.658 0.658 0.581 0.572 0.570 0.490 0.525 0.555 0.555 0.555 0.553 0.553 0.553 0.553 0.553 0.553 0.553 0.555 0.555 0.555 0.555 0.555 0.555 0.555 0.555 0.555 0.587 0.595 0.595 0.547 0.520 0.507 0.460 0.430 0.430 0.446 0.460 0.507 0.520 0.543 0.595 0.600 0.600 0.611 0.639 0.651 0.681 0.682 0.704 0.717 0.717 0.717 0.717 0.682 0.681 0.648 0.639 0.611 0.492 0.337 0.209 0.113 0.113 0.113 0.113 0.113 0.113 0.113 0.113 0.124 0.134 0.134 0.250 0.252 0.252 0.393 0.394 0.395 0.445 0.445 0.395 0.393 0.393 0.393 0.445 0.461 0.461 0.461 0.461 0.445 0.420 0.368 0.344 0.306 0.279 0.279 0.279 0.279 0.279 0.279 0.279 0.279 0.379 0.379 0.379 0.405 0.407 0.478 0.504 0.556 0.559 0.559 0.530 0.504 0.478 0.471 0.405 0.405 0.471 0.478 0.515 0.530 0.515 0.471 0.455 0.386 0.370 0.370 0.386 0.447 0.455 0.515 0.557 0.576 0.576 0.557 0.463 0.463 0.463 0.463 0.463 0.463 0.463 0.372 0.317 0.317 0.316 0.293 0.293 0.293 0.293 0.293 0.293 0.316 0.317 0.336 0.465 0.607 0.607 0.607 0.607 0.607 0.607 0.607 0.607 0.559 0.551 0.541 0.526 0.500 0.500 0.500 0.485 0.481 0.481 0.485 0.500 0.500 0.500 0.500 0.530 0.530 0.530 0.530 0.530 0.478 0.474 0.440 0.392 0.323 0.315 0.293 0.293 0.293 0.293 0.293 0.293 0.315 0.323 0.323 0.323 0.293 0.287 0.287 0.287 0.287 0.325 0.325 0.325 0.325 0.325 0.325 0.325 0.294 0.294 0.294 0.294 0.294 0.325 0.348 0.397 0.398 0.403 0.403 0.397 0.359 0.348 0.294 0.293 0.293 0.293 0.293 0.284 0.284 0.284 0.284 0.284 0.284 0.284 0.284 0.314 0.389 0.461 0.552 0.552 0.552 0.552 0.552 0.558 0.634 0.651 0.673 0.673 0.668 0.634 0.601 0.552 0.521 0.506 0.506 0.506 0.506 0.418 0.344 0.306 0.280 0.280 0.280 0.280 0.280 0.280 0.280 0.280 0.329 0.343 0.343 0.343 0.343 0.343 0.343 0.358 0.437 0.437 0.437 0.437 0.437 0.437 0.437 0.437 0.499 0.499 0.499 0.499 0.499 0.499 0.499 0.499 0.493 0.353 0.231 0.231 0.231 0.231 0.231 0.231 0.231 0.231 0.300 0.300 0.300 0.300 0.300 0.300 0.300 0.300 0.341 0.341 0.337 0.314 0.300 0.281 0.240 0.239 0.240 0.258 0.281 0.300 0.314 0.318 0.337 0.337 0.337 0.438 0.438 0.438 0.438 0.438 0.438 0.438 0.438 0.352 0.300 0.300 0.300 0.300 0.300 0.300 0.300 0.300 0.453 0.453 0.453 0.453 0.453 0.453 0.453 0.453 0.413 0.413 0.413 0.413 0.413 0.413 0.413 0.413 0.418 0.434 0.434 0.434 0.434 0.434 0.434 0.434 0.434 0.337 0.284 0.284 0.284 0.284 0.284 0.284 0.283 0.280 0.280 0.280 0.280 0.280 0.280 0.287 0.288 0.288 0.288 0.287 0.287 0.287 0.287 0.288 0.310 0.312 0.335 0.340 0.431 0.555 0.667 0.751 0.751 0.751 0.751 0.751 0.751 0.751 0.751 0.635 0.635 0.635 0.635 0.635 0.635 0.623 0.623 0.562 0.562 0.562 0.562 0.562 0.562 0.562 0.528 0.513 0.506 0.503 0.502 0.501 0.501 0.501 0.501 0.501 0.501 0.501 0.501 0.501 0.501 0.501 0.501 0.501 0.501 0.501 0.501 0.501 0.501 0.501 0.501 0.501 0.501 0.501 0.501 0.501 0.501 0.501 0.501 0.501 0.501 0.501 0.501 0.501 0.501 0.501 0.501 0.501 0.501 0.501 0.501 0.501 0.501 0.500 0.500 0.499 0.497 0.493 0.483 0.483 0.483 0.483 0.483 0.483 0.483 0.483 0.483 0.493 0.497 0.499 0.500 0.500 0.501 0.501 0.501 0.501 0.501 0.501 0.501 0.501 0.501 0.501 0.501 0.501 0.501 0.501 0.501 0.501 0.501 0.501 0.501 0.501 0.501 0.501 0.501 0.501 0.501 0.501 0.501 0.501 0.501 0.501 0.501 0.501 0.501 0.501 0.501
> hvol_16S
0.502 0.502 0.490 0.485 0.485 0.485 0.485 0.485 0.490 0.502 0.527 0.548 0.548 0.548 0.548 0.647 0.659 0.667 0.672 0.689 0.732 0.732 0.732 0.732 0.689 0.681 0.681 0.689 0.751 0.766 0.777 0.777 0.751 0.681 0.676 0.630 0.573 0.553 0.551 0.551 0.551 0.484 0.409 0.409 0.409 0.409 0.408 0.396 0.377 0.365 0.357 0.357 0.365 0.377 0.408 0.409 0.413 0.433 0.433 0.433 0.413 0.413 0.413 0.479 0.494 0.561 0.572 0.589 0.674 0.589 0.572 0.571 0.494 0.479 0.422 0.422 0.422 0.422 0.422 0.422 0.422 0.422 0.422 0.411 0.348 0.348 0.365 0.365 0.365 0.365 0.378 0.411 0.423 0.423 0.423 0.423 0.423 0.423 0.423 0.423 0.467 0.514 0.526 0.536 0.629 0.635 0.648 0.699 0.699 0.699 0.804 0.806 0.809 0.811 0.811 0.811 0.811 0.811 0.809 0.809 0.809 0.809 0.809 0.818 0.818 0.842 0.842 0.818 0.805 0.766 0.766 0.795 0.818 0.842 0.877 0.842 0.795 0.786 0.758 0.712 0.673 0.669 0.661 0.661 0.661 0.651 0.631 0.609 0.609 0.609 0.609 0.609 0.631 0.651 0.665 0.684 0.684 0.684 0.684 0.665 0.665 0.665 0.665 0.616 0.537 0.444 0.326 0.319 0.319 0.319 0.319 0.319 0.319 0.319 0.319 0.455 0.593 0.658 0.658 0.658 0.658 0.658 0.658 0.658 0.658 0.580 0.579 0.551 0.542 0.542 0.542 0.542 0.542 0.542 0.555 0.579 0.580 0.704 0.704 0.704 0.704 0.704 0.704 0.704 0.704 0.596 0.586 0.562 0.552 0.499 0.499 0.499 0.499 0.499 0.552 0.562 0.566 0.566 0.562 0.505 0.505 0.505 0.505 0.505 0.566 0.566 0.566 0.566 0.566 0.566 0.566 0.566 0.577 0.577 0.577 0.577 0.577 0.577 0.599 0.696 0.724 0.724 0.724 0.724 0.724 0.724 0.741 0.741 0.741 0.741 0.741 0.741 0.741 0.741 0.670 0.670 0.662 0.638 0.541 0.521 0.505 0.392 0.392 0.364 0.302 0.263 0.248 0.152 0.144 0.144 0.144 0.144 0.144 0.144 0.144 0.134 0.134 0.144 0.209 0.212 0.219 0.275 0.284 0.284 0.284 0.284 0.284 0.284 0.303 0.310 0.357 0.370 0.371 0.411 0.411 0.411 0.411 0.411 0.411 0.411 0.411 0.358 0.358 0.358 0.358 0.358 0.358 0.358 0.358 0.432 0.432 0.432 0.432 0.432 0.432 0.432 0.432 0.408 0.407 0.400 0.400 0.400 0.400 0.400 0.400 0.400 0.407 0.423 0.457 0.463 0.463 0.463 0.463 0.463 0.463 0.463 0.463 0.434 0.434 0.434 0.429 0.347 0.337 0.321 0.258 0.225 0.225 0.258 0.316 0.321 0.347 0.347 0.347 0.321 0.321 0.321 0.347 0.418 0.438 0.441 0.441 0.441 0.441 0.418 0.418 0.418 0.446 0.449 0.549 0.558 0.576 0.576 0.558 0.516 0.516 0.516 0.516 0.558 0.632 0.641 0.667 0.746 0.758 0.641 0.637 0.632 0.516 0.490 0.490 0.490 0.576 0.632 0.637 0.637 0.637 0.637 0.637 0.637 0.733 0.791 0.791 0.791 0.791 0.828 0.840 0.866 0.866 0.856 0.840 0.828 0.791 0.787 0.773 0.769 0.741 0.591 0.591 0.591 0.591 0.591 0.591 0.591 0.520 0.480 0.480 0.480 0.480 0.480 0.480 0.480 0.356 0.226 0.171 0.163 0.160 0.159 0.151 0.149 0.136 0.136 0.136 0.141 0.149 0.151 0.159 0.163 0.171 0.189 0.211 0.211 0.211 0.211 0.217 0.265 0.275 0.275 0.283 0.283 0.283 0.283 0.283 0.283 0.285 0.293 0.348 0.355 0.393 0.399 0.404 0.429 0.432 0.437 0.499 0.573 0.625 0.625 0.625 0.625 0.643 0.659 0.700 0.701 0.705 0.714 0.723 0.734 0.714 0.701 0.692 0.692 0.692 0.692 0.692 0.692 0.660 0.650 0.604 0.586 0.583 0.560 0.551 0.524 0.510 0.490 0.486 0.443 0.443 0.443 0.443 0.490 0.510 0.551 0.551 0.585 0.736 0.866 0.867 0.874 0.874 0.874 0.874 0.874 0.874 0.874 0.872 0.867 0.865 0.860 0.824 0.824 0.824 0.824 0.821 0.818 0.786 0.762 0.753 0.727 0.727 0.727 0.727 0.695 0.695 0.695 0.695 0.695 0.631 0.626 0.561 0.501 0.474 0.474 0.474 0.561 0.586 0.626 0.626 0.626 0.626 0.626 0.626 0.712 0.712 0.714 0.729 0.751 0.758 0.823 0.838 0.838 0.828 0.823 0.823 0.823 0.828 0.831 0.845 0.850 0.858 0.859 0.859 0.858 0.845 0.831 0.831 0.831 0.831 0.820 0.820 0.812 0.806 0.705 0.681 0.678 0.581 0.560 0.543 0.543 0.581 0.669 0.678 0.669 0.614 0.572 0.572 0.572 0.604 0.614 0.636 0.669 0.710 0.714 0.749 0.749 0.714 0.714 0.714 0.714 0.714 0.714 0.714 0.702 0.577 0.459 0.446 0.446 0.416 0.412 0.412 0.412 0.412 0.412 0.396 0.371 0.366 0.347 0.347 0.347 0.366 0.414 0.457 0.485 0.502 0.511 0.637 0.755 0.755 0.755 0.755 0.755 0.755 0.755 0.755 0.662 0.526 0.414 0.292 0.292 0.292 0.292 0.292 0.292 0.292 0.292 0.293 0.324 0.340 0.350 0.408 0.453 0.569 0.632 0.632 0.632 0.632 0.632 0.632 0.632 0.632 0.590 0.590 0.583 0.572 0.563 0.513 0.506 0.488 0.474 0.474 0.474 0.474 0.488 0.513 0.513 0.513 0.474 0.472 0.447 0.446 0.436 0.436 0.447 0.472 0.474 0.524 0.524 0.489 0.474 0.472 0.395 0.380 0.380 0.380 0.380 0.380 0.380 0.380 0.380 0.380 0.369 0.349 0.296 0.285 0.285 0.285 0.349 0.369 0.380 0.477 0.501 0.501 0.477 0.412 0.412 0.420 0.477 0.519 0.526 0.607 0.630 0.665 0.705 0.705 0.630 0.607 0.566 0.566 0.566 0.566 0.566 0.458 0.369 0.369 0.369 0.369 0.369 0.369 0.369 0.369 0.527 0.589 0.595 0.608 0.636 0.675 0.718 0.754 0.802 0.821 0.871 0.885 0.885 0.885 0.885 0.885 0.885 0.885 0.885 0.840 0.710 0.710 0.710 0.710 0.710 0.710 0.710 0.710 0.733 0.862 0.862 0.862 0.862 0.862 0.862 0.862 0.862 0.855 0.833 0.751 0.655 0.519 0.401 0.298 0.241 0.216 0.216 0.210 0.210 0.210 0.210 0.210 0.210 0.216 0.216 0.280 0.384 0.463 0.463 0.463 0.463 0.463 0.463 0.463 0.463 0.343 0.298 0.260 0.260 0.260 0.260 0.260 0.260 0.260 0.260 0.313 0.369 0.390 0.410 0.444 0.506 0.516 0.516 0.516 0.516 0.506 0.410 0.399 0.390 0.369 0.305 0.238 0.206 0.194 0.180 0.180 0.180 0.180 0.180 0.180 0.180 0.180 0.182 0.256 0.334 0.438 0.556 0.556 0.556 0.556 0.556 0.556 0.556 0.556 0.497 0.437 0.436 0.435 0.410 0.407 0.380 0.336 0.308 0.301 0.279 0.279 0.301 0.336 0.348 0.348 0.348 0.348 0.342 0.342 0.342 0.342 0.342 0.342 0.342 0.342 0.304 0.304 0.304 0.278 0.254 0.223 0.218 0.218 0.218 0.254 0.278 0.282 0.304 0.304 0.332 0.380 0.380 0.380 0.380 0.380 0.394 0.413 0.421 0.459 0.459 0.459 0.459 0.459 0.459 0.459 0.459 0.526 0.566 0.609 0.674 0.711 0.726 0.711 0.674 0.574 0.566 0.526 0.443 0.443 0.449 0.523 0.523 0.523 0.523 0.523 0.523 0.449 0.432 0.432 0.432 0.432 0.449 0.523 0.524 0.556 0.623 0.624 0.602 0.556 0.524 0.505 0.505 0.505 0.505 0.524 0.602 0.627 0.627 0.627 0.627 0.602 0.541 0.505 0.480 0.480 0.480 0.480 0.480 0.402 0.387 0.387 0.353 0.344 0.344 0.344 0.344 0.344 0.353 0.387 0.401 0.404 0.513 0.523 0.523 0.523 0.523 0.527 0.629 0.639 0.639 0.629 0.602 0.527 0.523 0.480 0.407 0.394 0.360 0.356 0.253 0.188 0.140 0.140 0.140 0.140 0.140 0.140 0.140 0.140 0.188 0.188 0.188 0.261 0.272 0.317 0.401 0.416 0.461 0.530 0.548 0.548 0.548 0.549 0.564 0.564 0.564 0.564 0.564 0.564 0.560 0.560 0.560 0.560 0.560 0.576 0.599 0.624 0.624 0.651 0.665 0.677 0.700 0.718 0.733 0.766 0.813 0.842 0.855 0.859 0.862 0.868 0.870 0.874 0.876 0.874 0.870 0.868 0.867 0.867 0.867 0.867 0.867 0.765 0.765 0.765 0.765 0.765 0.765 0.765 0.765 0.767 0.767 0.767 0.767 0.767 0.775 0.787 0.849 0.856 0.849 0.845 0.787 0.775 0.772 0.716 0.700 0.699 0.699 0.716 0.734 0.694 0.676 0.667 0.587 0.572 0.563 0.486 0.483 0.486 0.563 0.572 0.613 0.572 0.543 0.478 0.431 0.426 0.341 0.341 0.341 0.341 0.426 0.426 0.426 0.426 0.426 0.426 0.426 0.428 0.542 0.542 0.542 0.542 0.552 0.569 0.569 0.569 0.569 0.555 0.552 0.508 0.496 0.496 0.496 0.496 0.496 0.445 0.441 0.432 0.318 0.316 0.316 0.316 0.413 0.432 0.441 0.537 0.541 0.537 0.519 0.432 0.413 0.413 0.413 0.413 0.413 0.482 0.482 0.482 0.482 0.482 0.482 0.380 0.369 0.350 0.350 0.369 0.372 0.482 0.519 0.521 0.627 0.654 0.578 0.521 0.519 0.421 0.421 0.421 0.502 0.521 0.578 0.645 0.645 0.645 0.645 0.645 0.645 0.680 0.695 0.704 0.723 0.723 0.723 0.723 0.723 0.704 0.704 0.704 0.704 0.723 0.754 0.754 0.754 0.723 0.649 0.635 0.571 0.571 0.571 0.571 0.426 0.426 0.413 0.413 0.413 0.413 0.413 0.413 0.413 0.427 0.433 0.547 0.547 0.547 0.547 0.547 0.547 0.547 0.547 0.481 0.462 0.448 0.427 0.427 0.427 0.427 0.427 0.427 0.427 0.427 0.427 0.427 0.427 0.427 0.427 0.427 0.427 0.413 0.413 0.413 0.413 0.413 0.413 0.413 0.413 0.413 0.413 0.413 0.413 0.413 0.413 0.413 0.327 0.327 0.327 0.327 0.327 0.327 0.327 0.327 0.335 0.335 0.335 0.335 0.364 0.366 0.377 0.392 0.394 0.415 0.425 0.461 0.427 0.427 0.427 0.427 0.427 0.427 0.427 0.427 0.427 0.427 0.427 0.427 0.427 0.427 0.427 0.577 0.577 0.577 0.577 0.577 0.577 0.577 0.577 0.508 0.508 0.508 0.497 0.497 0.497 0.497 0.497 0.497 0.497 0.497 0.497 0.497 0.497 0.497 0.520 0.520 0.531 0.551 0.576 0.611 0.611 0.611 0.671 0.671 0.671 0.671 0.671 0.671 0.671 0.671 0.671 0.671 0.671 0.671 0.671 0.671 0.671 0.692 0.769 0.822 0.842 0.848 0.851 0.853 0.857 0.873 0.882 0.891 0.891 0.891 0.891 0.891 0.891 0.891 0.891 0.882 0.864 0.857 0.849 0.835 0.811 0.787 0.777 0.776 0.776 0.769 0.769 0.769 0.777 0.777 0.777 0.777 0.777 0.863 0.863 0.864 0.866 0.868 0.869 0.870 0.871 0.872 0.872 0.872 0.872 0.871 0.871 0.871 0.871 0.871 0.871 0.872 0.872 0.872 0.855 0.853 0.844 0.844 0.842 0.771 0.622 0.462 0.305 0.169 0.130 0.129 0.123 0.123 0.123 0.123 0.123 0.123 0.129 0.130 0.141 0.193 0.257 0.386 0.508 0.571 0.573 0.573 0.580 0.582 0.587 0.598 0.599 0.605 0.605 0.605 0.605 0.679 0.734 0.734 0.734 0.734 0.734 0.734 0.734 0.734 0.720 0.666 0.644 0.601 0.546 0.521 0.510 0.505 0.503 0.502 0.502 0.502 0.502
